session_id,player_id,mode,tick,t,cursor_x,cursor_y,target_x,target_y,delta_x,delta_y,cursor_speed,cursor_accel,aim_error,aim_error_delta,snap_score,heading_change,shot_fired,hit,shot_interval_ms,movement_x,movement_y,movement_speed,aligned,ping_ms,jitter_ms,packet_loss_pct,command_age_ms,packet_interarrival_ms,input_burstiness,server_correction_magnitude,tick_desync_ms,sensitivity,cheat_active,confounder_active,label_cheat,change_point_t,reaction_estimate_ms
P15_triggerbot_02,P15,triggerbot,0,0.0,0.43249145144488343,0.35755043907457285,-0.05292481508771869,-0.14001667204920318,-0.14620581006736458,-0.12579343372183638,0.19287334410172996,0.19287334410172996,0.8874259498790156,-0.002912271858266813,0.0,2.4310997581641614,0,0,0.0,0.0,0.26934054415886366,0.26934054415886366,0,30.840497638620388,4.653782177986535,0.33815704576123373,26.589612656886402,39.1459982640731,0.5458560011534285,0.32030170803722524,2.5426790011256815,1.2030482879607673,0,0,1,19.8,274.22346434815597
P15_triggerbot_02,P15,triggerbot,1,0.05,0.2225663055008163,0.13993884282984542,-0.04400426063122802,-0.15802563932229474,-0.20992514594406714,-0.21761159624472742,0.30236298338225226,0.1094896392805223,0.7020447679756708,0.18538118190334474,0.6726288866786797,0.09288181063751733,0,0,0.0,0.10301700225777975,0.2637739174384065,0.2831769451685336,0,26.66245173108666,5.190303616125822,0.2396604794664216,25.217669054866583,40.38303476400645,0.23832914651098835,0.7680330795615464,2.599521130452553,1.2030482879607673,0,0,1,19.8,247.0180678727792
P15_triggerbot_02,P15,triggerbot,2,0.1,-0.019195838239222107,-0.14047999151527213,-0.04555799423916012,-0.17931750345449293,-0.2417621437400384,-0.28041883434511755,0.37024810168487493,0.06788511830262267,0.41691156706654003,0.2851332009091308,1.2668403163672528,0.05591798236873968,0,0,0.0,0.19737497698389414,0.24730413507491153,0.3164114674984818,0,28.996992000093073,3.662521658399934,0.39363210349926825,25.839114399163254,38.05847264868074,0.13083011576305723,0.9761488198926815,2.2469088746734647,1.2030482879607673,0,0,1,19.8,253.2869909986602
P15_triggerbot_02,P15,triggerbot,3,0.15000000000000002,-0.238980555769283,-0.4577844996904597,-0.04662165010444759,-0.19772646786308992,-0.2197847175300609,-0.31730450817518757,0.3859889544638115,0.015740852778936554,0.06347703687718895,0.3534345301893511,1.6370618973503528,0.10571964667897182,0,0,0.0,0.275142725608411,0.22061197931652532,0.35266579770822737,1,29.603325605904708,4.497376649711991,0.34088294063218405,25.809066448433093,40.39544836248926,0.04448489782172403,1.1969385916094892,2.954511182424246,1.2030482879607673,0,0,1,19.8,257.6159305911744
P15_triggerbot_02,P15,triggerbot,4,0.2,-0.27275869799545327,-0.49128055005362414,-0.04677274779949684,-0.2069582904411959,-0.033778142226170246,-0.03349605036316443,0.04757045598039852,-0.338418498483413,0.3160025770320642,-0.25252554015487527,0.0,0.18380716520712426,0,0,0.0,0.32978353029197494,0.18480077657060529,0.37803241114081304,0,26.138651033394083,3.3674787606149255,0.2614405858734138,22.083085514789488,38.41053879337869,0.627092290158409,0.8253837459357172,1.912246685050469,1.2030482879607673,0,0,1,19.8,371.8771697326256
P15_triggerbot_02,P15,triggerbot,5,0.25,-0.18400106636264044,-0.3748618739761903,-0.044403011329631335,-0.21867726769567955,0.08875763163281283,0.11641867607743381,0.1463940754015973,0.09882361942119877,0.3556105583147726,-0.03960798128270843,0.0,3.003391719779901,0,0,0.0,0.3567045935182752,0.14135079115249752,0.3836902568432966,0,25.847829016832943,4.959929104439591,0.32344751127117694,24.525660267343895,39.632568242347254,0.46380624435823453,0.45429474601190273,2.5133942398583606,1.2030482879607673,0,0,1,19.8,335.43462715084394
P15_triggerbot_02,P15,triggerbot,6,0.30000000000000004,-0.010426370153849146,-0.15942781909379675,-0.0478922743607566,-0.22867556864252173,0.1735746962087913,0.21543405488239356,0.2766586473744212,0.1302645719728239,0.19973992872563226,0.15587062958914036,0.517475490570372,0.026815237355907184,0,0,0.0,0.35364308272036393,0.09205803821905303,0.3654286693141396,0,30.702012140560424,3.421812020195347,0.32439825486259605,26.327133456271692,38.94026115065501,0.2409041407201587,0.6043956508842204,2.6599345960229965,1.2030482879607673,0,0,1,19.8,328.0180869016075
P15_triggerbot_02,P15,triggerbot,7,0.35000000000000003,-0.002160533763932708,-0.18581662672004506,-0.055836825920235644,-0.2479833889196045,0.008265836389916438,-0.02638880762624831,0.027653086973428623,-0.2490055604009926,0.09951983942955524,0.10022008929607702,0.03325673814947041,2.1598346428477004,0,0,0.0,0.3208563312093121,0.03896004506837059,0.3232130417987945,0,28.238307254830698,4.700672544120468,0.31071004339582003,27.947008391543974,38.05909558744998,0.6453566449229241,0.5529792009176621,2.925216259750766,1.2030482879607673,0,0,1,19.8,237.77606398216062
P15_triggerbot_02,P15,triggerbot,8,0.4,-0.09464552755226663,-0.36022746232399655,-0.05727372187775627,-0.25998441343480505,-0.09248499378833391,-0.1744108356039515,0.19741482632288984,0.1697617393494612,0.09240305238592408,0.007116787043631154,0.01685951133834524,0.7911225667989359,0,0,0.0,0.2611002081890952,-0.01574837052045678,0.26157471187107983,0,23.185447767114262,4.33734390985049,0.41627844674703224,23.20402764959842,37.15564049651002,0.46834069518780275,0.39992964555883304,2.634227769102074,1.2030482879607673,0,0,1,19.8,245.20828206237698
P15_triggerbot_02,P15,triggerbot,9,0.45,-0.08596234307585021,-0.2888105436719419,-0.0660884111565411,-0.2706240566567508,0.008683184476416417,0.07141691865205466,0.07194285205915645,-0.1254719742637334,0.09404402800820486,-0.0016409756222807714,0.0,2.7750133332079994,0,0,0.0,0.17939747595212438,-0.06980582358586167,0.19250014905057475,0,25.27258176610507,3.3718657063226543,0.24012770773606695,22.13655983215486,39.563652910536035,0.45925283718540205,0.1668015953512161,2.3283078432699735,1.2030482879607673,0,0,1,19.8,288.94213367782146
P15_triggerbot_02,P15,triggerbot,10,0.5,0.002181455403285723,-0.06958824746317002,-0.08009395212539999,-0.2768799232796624,0.08814379847913593,0.2192222962087719,0.23627895455452028,0.16433610249536384,0.013295778100284412,0.08074824990792044,0.22894934484420698,0.2613032078533317,0,0,0.0,0.08261560484161477,-0.12097783685214454,0.14649564898921041,1,26.18196633780382,3.4791196079859557,0.2844355984975228,24.632437007191236,37.82391106871083,0.3360408592532011,0.395236978931949,2.3316574738041256,1.2030482879607673,0,0,1,19.8,257.9827511334079
P15_triggerbot_02,P15,triggerbot,11,0.55,-0.01754018290525026,-0.10256635005621456,-0.0884825374926093,-0.28304178084965564,-0.019721638308535985,-0.03297810259304453,0.038425229579146104,-0.19785372497537418,0.23191026394491995,-0.21861448584463555,0.0,2.9849227955045223,0,0,0.0,-0.021110467528786595,-0.16714920336242306,0.16847702521108512,0,35.058876549737015,4.450796509230651,0.4029576464135283,30.366160679751307,37.00881944803376,0.614581290129744,0.8739776603382565,3.155790943361275,1.2030482879607673,0,0,1,19.8,260.0038066163316
P15_triggerbot_02,P15,triggerbot,12,0.6000000000000001,-0.09896213248681172,-0.2805129177088081,-0.09039227991622824,-0.28671944502128144,-0.08142194958156146,-0.17794656765259353,0.195689843407882,0.1572646138287359,0.1980398707940143,0.03387039315090565,0.0795371031823695,0.10983746156191665,0,0,0.0,-0.12306211319746065,-0.20641141904547522,0.24031220863075473,0,25.27313629632389,3.927306573222818,0.3621043920257202,26.011981811109933,38.241878024369186,0.29693836224894876,0.3641043862441863,2.5087731107403552,1.2030482879607673,0,0,1,19.8,277.00148415661647
P15_triggerbot_02,P15,triggerbot,13,0.65,-0.08476601578399082,-0.571252744811213,-0.09633574762483439,-0.28780599369407933,0.01419611670282091,-0.290739827102405,0.2910862016533529,0.09539635824547091,0.0077515711162424155,0.1902882996777719,0.6646835804673308,0.4779151476584582,0,0,0.0,-0.2146698524921626,-0.237141571171187,0.3198738350452347,1,28.25026530433005,3.4346506603006093,0.3189273134447893,23.741490368815434,38.03528479453916,0.23043321111893314,0.6651239415058638,2.7366195808350704,1.2030482879607673,0,0,1,19.8,239.3138895312222
P15_triggerbot_02,P15,triggerbot,14,0.7000000000000001,-0.09798113145344711,-0.5752729271635375,-0.10484744598120799,-0.2937677118949551,-0.013215115669456292,-0.004020182352324443,0.013813078885717336,-0.2772731227676356,0.2782107246877849,-0.2704591535715425,0.0,1.3242694406910356,0,0,0.0,-0.28823365610431767,-0.25806942182212267,0.38688301460631064,0,26.825792017963074,3.626331376781503,0.40962178099525237,23.496218183281155,39.329500619638424,0.6184915778789857,0.9276586470887428,2.84140417681808,1.2030482879607673,0,0,1,19.8,285.8931818795267
P15_triggerbot_02,P15,triggerbot,15,0.75,-0.12032742850989848,-0.39617925239328144,-0.11203172149826121,-0.2914954323939391,-0.02234629705645137,0.17909367477025606,0.18048241281313096,0.16666933392741362,0.2841251231734302,-0.005914398485645289,0.0,1.7419793040427671,0,0,0.0,-0.33757016607503526,-0.268329913470467,0.4312244885056914,0,30.017315720152624,4.201839257826287,0.29941532724088343,27.79495601670002,39.466516505706416,0.4609354182072739,0.34416512771694924,2.1560089036508656,1.2030482879607673,0,0,1,19.8,261.96974726214256
P15_triggerbot_02,P15,triggerbot,16,0.8,-0.13104082679748102,-0.10684118884134952,-0.11316218996513366,-0.30205616958185777,-0.010713398287582526,0.2893380635519319,0.2895363395548997,0.10905392674176875,0.09439542023493248,0.18972970293849772,0.6592037243238136,0.08712242940671144,0,0,0.0,-0.3585324339512463,-0.2674989263302214,0.44732670586812273,0,23.345488766364387,3.9665770664300104,0.2709025562019368,24.39693711390752,38.07625507693785,0.2086307091289434,0.7027627003733192,2.1683311375369225,1.2030482879607673,0,0,1,19.8,305.83369400829645
P15_triggerbot_02,P15,triggerbot,17,0.8500000000000001,-0.1376905125963091,-0.1181748982805065,-0.12231799313869288,-0.31400685882824536,-0.006649685798828065,-0.01133370943915697,0.01314044485070317,-0.27639589470419657,0.20734922871368083,-0.11295380847874835,0.0,2.5739872711414744,0,0,0.0,-0.3493584898572203,-0.25561080944626263,0.4328836337182212,0,25.27624479269817,3.4574610828692114,0.31038457895960436,22.98946455325634,36.24673761897817,0.7169596476758666,0.5281352635467939,2.15386511736807,1.2030482879607673,0,0,1,19.8,266.1870614306764
P15_triggerbot_02,P15,triggerbot,18,0.9,-0.12755236446685986,-0.29814177863945585,-0.13441893082172907,-0.3256255447966355,0.010138148129449229,-0.17996688035894934,0.18025221239592884,0.16711176754522566,0.20747644200551466,-0.00012721329183382202,0.0,0.5868690443471374,0,0,0.0,-0.31081944373348297,-0.23315696086866053,0.3885497329870423,0,24.11112094638142,3.8811035153144076,0.4368336265831697,25.814866366622788,38.0875811892528,0.3596574537012981,0.35779758628999997,2.233335825874719,1.2030482879607673,0,0,1,19.8,245.38492810777691
P15_triggerbot_02,P15,triggerbot,19,0.9500000000000001,-0.19980740315633042,-0.5794376656381609,-0.15097065949520153,-0.34285900253082424,-0.07225503868947056,-0.28129588699870506,0.2904275583659463,0.11017534597001746,0.050478179984872876,0.15699826202064177,0.5471594628762249,0.30770318762668625,0,0,0.0,-0.24615467018923237,-0.2010655156010736,0.31783559149329915,1,26.51398724047911,3.633871645406354,0.3784102025804831,24.43418168928558,37.3957775193214,0.27537234381800996,0.630572726553076,2.605548059608929,1.2030482879607673,0,0,1,19.8,324.5217982051045
P15_triggerbot_02,P15,triggerbot,20,1.0,-0.2170998537838409,-0.5640342167653843,-0.16779691367756497,-0.3643228027778023,-0.01729245062751047,0.015403448872776558,0.023158045813088994,-0.2672695125528573,0.21748350663924157,-0.16700532665436868,0.0,2.0470548502516985,0,0,0.0,-0.16079952496358696,-0.16066298092655917,0.2273083383176322,0,27.567447460881112,4.551270849849218,0.32003031235832935,28.97613737355415,39.88199314557272,0.6737385380155525,0.7290064497770326,2.496217297584515,1.2030482879607673,0,0,1,19.8,345.4112401185414
P15_triggerbot_02,P15,triggerbot,21,1.05,-0.19233684858008043,-0.3659296298822847,-0.1823182668472234,-0.39177592540043726,0.024763005203760458,0.19810458688309962,0.19964627161769144,0.17648822580460244,0.1757346799405299,0.04174882669871166,0.10001997113773099,0.967463309726921,0,0,0.0,-0.061928479612500933,-0.1136194049234388,0.1294005632223921,0,26.078868347566612,3.43670305153828,0.389494220856538,23.072979781496443,37.672534608405044,0.4040658753100567,0.36460674301001506,1.992965251709865,1.2030482879607673,0,0,1,19.8,363.2059097897005
P15_triggerbot_02,P15,triggerbot,22,1.1,-0.18364751634750354,-0.41302061829741304,-0.19839406202910867,-0.4219615311485803,0.00868933223257689,-0.04709098841512832,0.047885965423721484,-0.15176030619396996,0.056358351593024665,0.11937632834750525,0.06859740877991351,2.8347680156896784,0,0,0.0,0.04214792406008806,-0.06187934464325239,0.07486989245386531,1,30.26650093296514,4.007672852987792,0.3468061658903825,25.945919482529984,39.760353928121816,0.518427188224498,0.6202149152265334,2.58235085051183,1.2030482879607673,0,0,1,19.8,279.8298334577248
P15_triggerbot_02,P15,triggerbot,23,1.1500000000000001,-0.29030485882843843,-0.5785085715243403,-0.20896289657258432,-0.44752064741347214,-0.1066573424809349,-0.1654879532269273,0.1968808049768517,0.14899483955313023,0.042791593624791964,0.013566757968232701,0.03205241075654126,0.7549704784047782,0,0,0.0,0.14268161122141967,-0.007581487397063675,0.14288289306943708,1,25.31730208228752,4.431470759602949,0.3314908001609512,25.61474414380497,39.67407056914198,0.336733289249545,0.3855352995308462,3.2591280759999917,1.2030482879607673,0,0,1,19.8,338.923294460153
P15_triggerbot_02,P15,triggerbot,24,1.2000000000000002,-0.23955384047913,-0.5164249357188386,-0.22017768782996017,-0.47476807074036975,0.05075101834930842,0.06208363580550174,0.080187553263097,-0.1166932517137547,0.12521945382071753,-0.08242786019592557,0.0,3.028794871737847,0,0,0.0,0.23122228778497575,0.047029752377233724,0.23595665698848606,0,27.753206853262736,4.386823925424968,0.40020924200401475,25.221044610678568,37.99905878909633,0.5093199215740227,0.5321799465288437,2.3984306799354878,1.2030482879607673,0,0,1,19.8,239.42428202507216
P15_triggerbot_02,P15,triggerbot,25,1.25,-0.14361420854267204,-0.29606981236916696,-0.22986382201546843,-0.49363658001801725,0.09593963193645798,0.22035512334967164,0.2403347527149414,0.1601471994518444,0.0247629887811076,0.10045646503960994,0.28971815620694175,0.2746632315017489,0,0,0.0,0.3003277244174107,0.09969700650275157,0.3164430994023252,1,26.787961517583906,3.3203623241848956,0.32396418195463794,24.371043459568707,38.97140801195861,0.34310510048716847,0.4523370164142666,2.777899792813159,1.2030482879607673,0,0,1,19.8,377.29058563139097
P15_triggerbot_02,P15,triggerbot,26,1.3,-0.1611736454352779,-0.3289465644454391,-0.22894732575835033,-0.5110564562900757,-0.017559436892605876,-0.03287675207627216,0.037272169927039044,-0.20306258278790235,0.23130282738894545,-0.20653983860783784,0.0,3.061674825781541,0,0,0.0,0.3441893083143003,0.1482432618972324,0.3747563804070691,0,26.432818193596386,3.4822749509466044,0.2712794593492575,21.979843730797704,38.776530679103665,0.6429796728399538,0.7086018537778821,2.0120161564502377,1.2030482879607673,0,0,1,19.8,289.6003568300403
P15_triggerbot_02,P15,triggerbot,27,1.35,-0.2554076016554988,-0.5058761006042569,-0.2460951916508663,-0.5094078568911965,-0.09423395622022093,-0.17692953615881776,0.20045971981994018,0.16318754989290113,0.19944409513154177,0.03185873225740368,0.0766367105056516,0.0011610910402835017,0,0,0.0,0.35912028239456306,0.190661847910321,0.4065947828929057,0,23.44028367081177,4.455009002068213,0.39649479639117,24.684625023144665,39.425652028512424,0.34319540898977585,0.5066795781152521,3.630734513588063,1.2030482879607673,0,0,1,19.8,266.7837524308362
P15_triggerbot_02,P15,triggerbot,28,1.4000000000000001,-0.4901170361200339,-0.6207085664738514,-0.26759519306814067,-0.5058731568824666,-0.23470943446453504,-0.11483246586959447,0.26129487910089905,0.06083515928095887,0.0121875917681468,0.18725650336339497,0.5871499848863446,0.6263907845911421,0,0,0.0,0.34386563328368774,0.22519938251717725,0.41104541797678457,1,25.908666300429026,3.5143171347224533,0.3013069814460947,23.17286286013367,40.120626608352325,0.1646760001842794,0.6704527003269228,2.6657104301972496,1.2030482879607673,0,0,1,19.8,318.4256150648186
P15_triggerbot_02,P15,triggerbot,29,1.4500000000000002,-0.488326765843027,-0.5970541895732754,-0.2764132033242859,-0.5067506892381817,0.001790270277006921,0.023654376900576066,0.02372202803765397,-0.23757285106324508,0.2421894422464633,-0.2300018504783165,0.0,2.10135096504455,0,0,0.0,0.29970758065165093,0.25042824876839836,0.3905623403264486,0,30.718464140362688,3.797483642643392,0.35181212578449655,28.39218543373765,36.045928059669684,0.6075222800202157,0.8311726187109848,2.001442489948121,1.2030482879607673,0,0,1,19.8,323.4764087917188
P15_triggerbot_02,P15,triggerbot,30,1.5,-0.3057093611495032,-0.5000591990803694,-0.2914522778124553,-0.507345293044868,0.1826174046935238,0.09699499049290593,0.20677800820618514,0.18305598016853117,0.2163498328024411,0.025839609444022194,0.06411675568392768,1.0070090460298349,0,0,0.0,0.23035780106742126,0.26530560566550426,0.35135705615535556,0,22.910940873489615,3.754148171411605,0.35425643375702953,22.57782229277912,39.75408536450011,0.42412042587565646,0.3453589751089305,2.6681308278657934,1.2030482879607673,0,0,1,19.8,257.90199685349245
P15_triggerbot_02,P15,triggerbot,31,1.55,-0.3636720773723983,-0.5372572472040881,-0.31152014109479426,-0.5031888118027291,-0.0579627162228951,-0.03719804812371859,0.0688721370087378,-0.13790587119744735,0.006599972679076199,0.2097498601233649,0.17335105324775973,3.059279430755693,0,0,0.0,0.14164544542428575,0.26921649423384963,0.30420544534411065,1,24.499582376125517,4.200046111923495,0.23717588377027307,23.950361506298712,38.56220782947213,0.511383819854315,0.7301372267745359,2.1692435586051086,1.2030482879607673,0,0,1,19.8,256.08229237499654
P15_triggerbot_02,P15,triggerbot,32,1.6,-0.2621729872632869,-0.43695064936803396,-0.3267116964265666,-0.5060914989753215,0.10149909010911141,0.10030659783605408,0.1427006617448616,0.0738285247361238,0.048346392030014694,-0.04174641935093849,0.0,2.9326631564171035,0,0,0.0,0.041027173429646145,0.2619992569935087,0.26519208062228566,1,22.490380208300262,4.899117519672101,0.23000580280441268,21.692655831887585,37.52207260567358,0.37061768705616405,0.37518534087389416,2.214620465271913,1.2030482879607673,0,0,1,19.8,293.3000521044437
P15_triggerbot_02,P15,triggerbot,33,1.6500000000000001,-0.33960005405247645,-0.5076522253053092,-0.34070242225154923,-0.5061115474058475,-0.07742706678918954,-0.07070157593727525,0.10485067244224958,-0.03784998930261202,0.10464273494597014,-0.05629634291595544,0.0,3.1021299285643384,0,0,0.0,-0.06303961110649497,0.24395222010844894,0.2519656291328229,0,24.579969954792336,3.6628676766581583,0.2976422653480788,22.264240233060878,37.402089221157254,0.32263364344369966,0.3725391157983176,2.068398462375617,1.2030482879607673,0,0,1,19.8,281.08632070271847
P15_triggerbot_02,P15,triggerbot,34,1.7000000000000002,-0.5132661031447219,-0.6570262796823915,-0.34294712286889484,-0.5106008949811794,-0.17366604909224545,-0.14937405437708226,0.22906877728830208,0.1242181048460525,0.004460663910141317,0.10018207103582882,0.27538301422064554,0.02968496899498474,0,0,0.0,-0.16180764188167115,0.21582136200581906,0.2697416787768511,1,21.197742950092824,4.12707383991344,0.3304861585151745,25.388908636263665,39.226998920576314,0.24693714129895325,0.5405894504335848,2.901591227486345,1.2030482879607673,0,0,1,19.8,296.57579984052506
P15_triggerbot_02,P15,triggerbot,35,1.75,-0.4679136726645047,-0.6368407123031041,-0.33512250179108827,-0.5248451842793378,0.045352430480217185,0.020185567379287322,0.049641717142809245,-0.17942706014549284,0.22182647426579521,-0.2173658103556539,0.0,2.850008100754302,0,0,0.0,-0.24697503591553335,0.17876947818581015,0.30488554360006287,0,28.70152062571666,4.369316847728017,0.3899000914890151,30.30817725009549,39.786684599342266,0.5626521559621444,0.8828113638943895,2.4978573981752064,1.2030482879607673,0,0,1,19.8,331.00703458803946
P15_triggerbot_02,P15,triggerbot,36,1.8,-0.2877779530593043,-0.5022375961608061,-0.31057220649459594,-0.5345969096936839,0.1801357196052004,0.13460311614229803,0.22487079924458922,0.17522908210177998,0.18764363071666096,0.034182843549134256,0.09224068019215885,0.2229701762198788,0,0,0.0,-0.31138310295718363,0.1343281168017821,0.3391216297595263,0,25.93494633657688,4.533989463606187,0.32843480078896,27.476666854477937,36.64758734577662,0.35301271358975467,0.40368240928922344,2.5317401075579316,1.2030482879607673,0,0,1,19.8,285.02686976987053
P15_triggerbot_02,P15,triggerbot,37,1.85,-0.18116427726947082,-0.6045001831068282,-0.2892361423561715,-0.5499421982511841,0.10661367578983351,-0.10226258694602203,0.14772986344782305,-0.07714093579676617,0.04772688316480338,0.13991674755185757,0.24803858411879337,1.4062971900199692,0,0,0.0,-0.3496180645666383,0.08433427176452082,0.35964574301022123,1,27.18043724422964,4.457273661825207,0.2659700151298712,24.38635602367001,37.20933644763617,0.2970384767037272,0.6039370775484956,2.9965465571887338,1.2030482879607673,0,0,1,19.8,370.37567916081144
P15_triggerbot_02,P15,triggerbot,38,1.9000000000000001,-0.2861329928616648,-0.6104233428076249,-0.27834227848152465,-0.5690594149584163,-0.104968715592194,-0.005923159700796662,0.10513569838031256,-0.04259416506751049,0.10343892868025763,-0.05571204551545425,0.0,2.320654378460043,0,0,0.0,-0.3584661057619778,0.030854450175747505,0.35979153141201803,0,17.796475442684056,4.038710135557445,0.29139866485471266,19.312833147751988,37.19552489589801,0.27492893295624876,0.39038787433165356,2.730040148557616,1.2030482879607673,0,0,1,19.8,292.710274965989
P15_triggerbot_02,P15,triggerbot,39,1.9500000000000002,-0.29626537844459283,-0.41748203710771276,-0.27822458064720307,-0.5831263388923679,-0.010132385582927986,0.19294130569991214,0.1932071755468416,0.08807147716652905,0.028419525092854826,0.0750194035874028,0.17393144493996832,1.574697283697705,0,0,0.0,-0.33718351016015274,-0.023900747218994763,0.33802953309074657,1,24.820298508672764,3.829081322394048,0.38130852398433435,22.482348593063282,37.540685552210874,0.30352097279905993,0.4826547362123001,2.592071200130282,1.2030482879607673,0,0,1,19.8,305.2436319037206
P15_triggerbot_02,P15,triggerbot,40,2.0,-0.2693092240199581,-0.4795258215767959,-0.27924562311647666,-0.5919230294368977,0.02695615442463474,-0.062043784469083166,0.06764662188617256,-0.12556055366066904,0.17526931242011445,-0.14684978732725962,0.0,2.784195362857967,0,0,0.0,-0.2875591725768014,-0.07766800172141305,0.29786338516919475,0,30.442551170639604,3.7359410966032014,0.37342652205191407,25.724066086187115,36.85954576928068,0.4687914108460577,0.623847136592618,1.9897849029527128,1.2030482879607673,0,0,1,19.8,254.71061664916945
P15_triggerbot_02,P15,triggerbot,41,2.0500000000000003,-0.24650732566034025,-0.6898067010370544,-0.26878093616227083,-0.6047214860707502,0.022801898359617847,-0.2102808794602585,0.21151353345680296,0.14386691157063042,0.12519677909652205,0.050072533323592405,0.12709222142887852,0.3018509692032616,0,0,0.0,-0.21376423462891248,-0.12822483148026315,0.24927245217758545,0,24.58926312867434,4.144778640783065,0.2397398111270903,21.716480142202848,37.946264092564185,0.3080668093422796,0.3403221160766322,2.256942656208268,1.2030482879607673,0,0,1,19.8,306.01290376463174
P15_triggerbot_02,P15,triggerbot,42,2.1,-0.2784737408314741,-0.6347532609592085,-0.25959442376193814,-0.6164203717272554,-0.03196641517113383,0.05505344007784596,0.06366107887318806,-0.1478524545836149,0.07454411758339566,0.05065266151312639,0.03869523695668844,2.723541158137203,0,0,0.0,-0.12200148212255481,-0.1734814582906619,0.21208530833312034,1,25.67361783532084,4.0860675679407406,0.3599542462300529,24.67889353143043,39.155740334469186,0.5636081938087513,0.46027863024790244,2.5325755929646667,1.2030482879607673,0,0,1,19.8,230.70440361518763
P15_triggerbot_02,P15,triggerbot,43,2.15,-0.10632954516033397,-0.5577765981814468,-0.2523149321110422,-0.6287227932477162,0.17214419567114012,0.0769766627777617,0.1885710230010566,0.12490994412786854,0.02684492157730197,0.04769919600609369,0.10793623424636399,1.6763684074723417,0,0,0.0,-0.01998397390160501,-0.2115671890576107,0.21250890498668243,1,27.0161485292796,3.630899846055027,0.3224280841734595,25.883377985831718,38.5442850638928,0.3879897169228828,0.4137978430199503,1.9543348457109642,1.2030482879607673,0,0,1,19.8,199.10505194856293
P15_triggerbot_02,P15,triggerbot,44,2.2,-0.14621710276567973,-0.6118650604272976,-0.24183451994882663,-0.6412203430437572,-0.03988755760534575,-0.0540884622458508,0.06720549828578465,-0.12136552471527196,0.15913659776769262,-0.13229167619039064,0.0,2.626709932132864,0,0,0.0,0.08371327432743784,-0.24090774132603104,0.2550381385781953,0,23.605414969814873,3.992676864757902,0.4008882044820353,24.45947622102636,39.32041718631072,0.43276896464682224,0.6311558371531572,2.5903089415262452,1.2030482879607673,0,0,1,19.8,275.37405405668824
P15_triggerbot_02,P15,triggerbot,45,2.25,-0.35482347446060447,-0.6978747426548999,-0.22871340781521038,-0.641992239736764,-0.20860637169492474,-0.08600968222760226,0.22564193703435145,0.1584364387485668,0.08782532254407015,0.07131127522362248,0.19308977128617516,0.544305695632584,0,0,0.0,0.18037405739752121,-0.2602903166087097,0.316679411238411,0,26.58762295161889,3.7820275903440588,0.443426575027209,27.2145262462349,40.564565077518765,0.35002082012850677,0.5183756078016007,2.7477478704842655,1.2030482879607673,0,0,1,19.8,358.3803831374413
P15_triggerbot_02,P15,triggerbot,46,2.3000000000000003,-0.29685981120148025,-0.7083009767555398,-0.20775091345705643,-0.6461637592956887,0.05796366325912421,-0.010426234100639954,0.058893909837422855,-0.1667480271969286,0.15589856958971426,-0.06807324704564412,0.0,2.572550596751793,0,0,0.0,0.2618736156719645,-0.2689137316911653,0.3753563449272915,0,25.87343233462028,3.8532513495432434,0.31367241994300027,25.027718232333132,39.49143959607951,0.5440381726868793,0.43349187050764076,2.2408159577962117,1.2030482879607673,0,0,1,19.8,336.86965214561906
P15_triggerbot_02,P15,triggerbot,47,2.35,-0.10687729086543254,-0.6361331215188403,-0.18172106575290442,-0.6521316578510044,0.1899825203360477,0.07216785523669957,0.20322784593333168,0.14433393609590883,0.12810902813491074,0.02778954145480353,0.06777130379201696,0.5410018546429535,0,0,0.0,0.3213615564636333,-0.2664215357243836,0.4174370427626997,0,28.50663612213292,4.704049459314257,0.30780111735123167,27.866474952870014,37.21237558481118,0.3157716632463143,0.48486368299433374,2.682758638270599,1.2030482879607673,0,0,1,19.8,253.68929722988662
P15_triggerbot_02,P15,triggerbot,48,2.4000000000000004,-0.14695685438403092,-0.6985374535536631,-0.15635572792093924,-0.6625245884244363,-0.04007956351859838,-0.06240433203482287,0.07416651581781217,-0.1290613301155195,0.05607695835978364,0.0720320697751271,0.06410841170840056,2.50473798620642,0,0,0.0,0.35383765936397676,-0.2529167442027802,0.43493444182119245,1,26.058631632148614,4.520853529872252,0.3980951026315344,25.013175914917227,39.05413870770367,0.45705608281527943,0.5241502393195988,2.9941692730136618,1.2030482879607673,0,0,1,19.8,241.62645672273118
P15_triggerbot_02,P15,triggerbot,49,2.45,-0.09016938340623848,-0.5903895517634423,-0.13406245787747229,-0.6789292647094516,0.05678747097779243,0.10814790179022088,0.12215066729936795,0.047984151481555784,0.02346798949672967,0.032608968863053964,0.04779848767879624,3.054198955100883,0,0,0.0,0.3565721665371807,-0.22895758079500586,0.42375144100347384,1,29.49932951737182,3.4495233363515774,0.28713597843790795,24.01765382524819,37.332657111140705,0.3528856468556752,0.278572121402006,2.250621182341842,1.2030482879607673,0,0,1,19.8,311.8685686290546
P15_triggerbot_02,P15,triggerbot,50,2.5,-0.09587726363718195,-0.6943260412024652,-0.10971945934904283,-0.6950023817676179,-0.005707880230943466,-0.10393648943902294,0.10409310127784127,-0.01805756602152668,0.10642391493856983,-0.08295592544184016,0.0,2.712936178288707,0,0,0.0,0.3293352307504647,-0.19553440304000463,0.3830083510651861,0,26.0964304463899,3.928379009878801,0.3255291634674154,26.223568048182827,41.20672192437604,0.2718845303588757,0.5024432134139991,2.5165366840665078,1.2030482879607673,0,0,1,19.8,274.84822098386246
P15_triggerbot_02,P15,triggerbot,51,2.5500000000000003,0.042978802190804175,-0.8591270198983436,-0.08382639874170751,-0.703127147674398,0.13885606582798612,-0.16480097869587845,0.21550027748554154,0.11140717620770027,0.01492256076748475,0.09150135417108507,0.23662280657005974,0.7550255058289406,0,0,0.0,0.27441623503465246,-0.15402876568999185,0.31468894278410237,1,29.883411334024885,3.7227361286153573,0.344549940898994,29.20823293069438,36.13983767034211,0.30480334252877517,0.4732214490920566,1.9538582471357377,1.2030482879607673,0,0,1,19.8,233.88742232123022
P15_triggerbot_02,P15,triggerbot,52,2.6,0.014465749992107296,-0.8214251484687785,-0.05950457078585357,-0.7212419281563047,-0.02851305219869688,0.03770187142956515,0.04726970758294443,-0.1682305699025971,0.1717997097243858,-0.15687714895690105,0.0,3.088934973789054,0,0,0.0,0.19643136007344128,-0.10615631382650485,0.22328108335802505,0,30.343785553372847,4.462920532868446,0.34870223497222236,29.162526726581408,40.102403358962285,0.578910230267613,0.7081317273373111,2.722791209213385,1.2030482879607673,0,0,1,19.8,276.1694114690847
P15_triggerbot_02,P15,triggerbot,53,2.6500000000000004,-0.08955208730849136,-0.6383877132142635,-0.03359804040052127,-0.7281871989687171,-0.10401783730059866,0.18303743525451496,0.2105288891844646,0.16325918160152017,0.10489729822012828,0.06690241150425752,0.16901868453303937,0.13073124813408032,0,0,0.0,0.1019355741200594,-0.05389586627571899,0.11530665927341884,0,22.958399121317346,3.39488577685164,0.30372501181148165,20.106928931785635,36.90999301841074,0.3166231428245643,0.3918957924930213,2.030280609529491,1.2030482879607673,0,0,1,19.8,367.1072111216936
P15_triggerbot_02,P15,triggerbot,54,2.7,-0.028974816649891252,-0.673546184370969,-0.006852757012165079,-0.7374939566732116,0.06057727065860011,-0.03515847115670561,0.070040872456889,-0.1404880167275756,0.12907837434677108,-0.024181076126642803,0.0,2.6134469680426125,0,0,0.0,-0.0011283406219369733,0.0005923793235892744,0.0012743884110149471,0,26.80251928862695,3.4734793189447473,0.4008625872382157,24.347595180155302,37.83761546621616,0.4683650424426272,0.38849939073567125,2.4166147940063203,1.2030482879607673,0,0,1,19.8,276.9777685969508
P15_triggerbot_02,P15,triggerbot,55,2.75,0.1094041907552908,-0.8490986155550393,0.018392220471175887,-0.7541846451155028,0.13837900740518205,-0.1755524311840702,0.2235339029880728,0.1534930305311838,0.09352110754731395,0.03555726679945713,0.09537905552725047,0.37738599160221853,0,0,0.0,-0.10409741342234782,0.05505613878709028,0.11776013714057294,0,25.382945139040867,3.6248180443941886,0.25189369376763465,24.12429144606046,36.41822242074101,0.30835311830738843,0.29924472010885045,1.875927697149828,1.2030482879607673,0,0,1,19.8,210.68900363940892
P15_triggerbot_02,P15,triggerbot,56,2.8000000000000003,0.08083290933958001,-0.8060270869945805,0.039899157173515054,-0.7662991725456463,-0.02857128141571079,0.043071528560458816,0.05168631051129651,-0.17184759247677628,0.10810502974362246,-0.01458392219630851,0.0,3.0597574510063827,0,0,0.0,-0.19831664542906507,0.10724414007051926,0.22545686379816132,0,22.885838072786584,3.7254932213980374,0.2760134584584255,22.00418993761763,39.026810363731514,0.5660266317400183,0.24936057240358717,3.3415211000788,1.2030482879607673,0,0,1,19.8,236.15279754313508
P15_triggerbot_02,P15,triggerbot,57,2.85,-0.039219847523544724,-0.6443100050868916,0.06177289576742076,-0.7804473886851835,-0.12005275686312473,0.16171708190768883,0.20140774317581406,0.14972143266451754,0.03189992293048154,0.07620510681314091,0.18417958298047876,0.05289608798425727,0,0,0.0,-0.275866500001746,0.1549991801182495,0.31642862016660706,1,28.362113075534012,3.3702427607185683,0.33103924774391036,23.417285698727824,38.812320705401675,0.32768057383446797,0.44042736909945823,3.065893112906952,1.2030482879607673,0,0,1,19.8,239.2833692524203
P15_triggerbot_02,P15,triggerbot,58,2.9000000000000004,-0.0017071108583577924,-0.7000844930988862,0.0754004412601017,-0.8060103423352861,0.03751273666518693,-0.05577448801199459,0.06721606151145564,-0.1341916816643584,0.198203959766426,-0.16630403683594444,0.0,3.095081855283523,0,0,0.0,-0.3302285742447114,0.19634729334855872,0.3841915809241528,0,24.510394904203928,3.6861715550350516,0.3074889156467802,22.090499695025315,36.72417822968791,0.5125025619596676,0.659878406146746,2.90624519805585,1.2030482879607673,0,0,1,19.8,249.17234896454266
P15_triggerbot_02,P15,triggerbot,59,2.95,0.12992005390381256,-0.886074570316185,0.08587120343168901,-0.8365035630496293,0.13162716476217035,-0.1859900772172988,0.22785525959833428,0.16063919808687865,0.16211145480844943,0.03609250495797656,0.09868640504104699,0.023797669336730776,0,0,0.0,-0.3568334991486542,0.22957934597568636,0.42430746188736357,0,25.295006789046592,3.370585359032565,0.2185281245849534,21.38121552181845,39.134328960030636,0.3030504719731649,0.2957425365463522,1.773051008257037,1.2030482879607673,0,0,1,19.8,281.68904806276345
P15_triggerbot_02,P15,triggerbot,60,3.0,0.06703453445871028,-0.892561093784294,0.09455503758129993,-0.8572384313256314,-0.06288551944510228,-0.0064865234681091,0.06321917068882403,-0.16463608890951026,0.04563120961988746,0.11648024518856198,0.08836541402942129,2.0838939149589897,0,0,0.0,-0.3534450149489525,0.25332168344860734,0.43485084097596227,1,28.719451310136,3.632086942910905,0.3037741288903389,24.666476959595467,39.05116131933878,0.5319701490146422,0.5184444041856363,2.740542467389142,1.2030482879607673,0,0,1,19.8,224.6384876150122
P15_triggerbot_02,P15,triggerbot,61,3.0500000000000003,0.20265473037138426,-0.8198345453533502,0.1031253798114932,-0.8779725957332578,0.13562019591267396,0.07272654843094384,0.1538895330620978,0.09067036237327376,0.03892779718483413,0.0067034124350533325,0.012379020114636208,2.75215074045187,0,0,0.0,-0.32034793849459925,0.2665929107783452,0.4167668194266553,1,26.6608352490638,3.795927382895847,0.3961234711710424,26.736726877493425,36.76944770906311,0.45429700774893556,0.3572615053891258,3.189003085322728,1.2030482879607673,0,0,1,19.8,211.36931716813598
P15_triggerbot_02,P15,triggerbot,62,3.1,0.15802147943157466,-0.8897343248930696,0.11467711914257998,-0.9005062079638265,-0.0446332509398096,-0.06989977953971939,0.08293434915134613,-0.07095518391075166,0.11936489109392741,-0.08043709390909329,0.0,2.6312938984993615,0,0,0.0,-0.26032422315207704,0.26884445872592583,0.3742272626992433,0,28.902153350956,3.896203618695709,0.33087524888267633,25.215165361461406,39.465295050650646,0.35095296687281186,0.5497122317065218,1.9791226102105546,1.2030482879607673,0,0,1,19.8,387.49846635324974
P15_triggerbot_02,P15,triggerbot,63,3.1500000000000004,0.01968520321474984,-1.0,0.12863220061717706,-0.9300908668329205,-0.13833627621682482,-0.1757318402174642,0.22364839588906965,0.14071404673772353,0.04992374371552426,0.06944114737840315,0.18636481463851606,0.09861673933689019,0,0,0.0,-0.17841912351346792,0.2599832590382461,0.31531679088729464,1,26.19669916392158,3.5734238174598296,0.23690785336011297,23.59860101954437,38.11502946924211,0.28914603847343806,0.3899327332632312,1.7614947477036866,1.2030482879607673,0,0,1,19.8,271.5285299402397
P15_triggerbot_02,P15,triggerbot,64,3.2,0.10521698124994258,-1.0,0.14856257856400348,-0.9676354125187989,0.08553177803519274,-0.0614313818655894,0.10530669367033296,-0.11834170221873669,0.13287905929732016,-0.0829553155817959,0.0,1.614828588767519,0,0,0.0,-0.08151711978311875,0.24037559144575535,0.25382172046661416,0,22.684208791857856,3.4364736071883306,0.2237217257167985,20.703590339272107,39.439488738381755,0.3547120186582654,0.37911469391137637,2.077542635116913,1.2030482879607673,0,0,1,19.8,230.0558085033621
P15_triggerbot_02,P15,triggerbot,65,3.25,0.19999082309360838,-0.8619778485567027,0.1260252168977888,-0.9248580615152048,0.09477384184366579,0.13802215144329727,0.16742817978716923,0.062121486116836266,0.07796982486852877,0.05490923442879139,0.1103202380870341,1.5919372544401194,0,0,0.0,0.02223675275562434,0.21083194340541572,0.21200137153617468,1,28.13684118522576,3.5221562405266518,0.28670094419618575,23.089939012608294,39.134146605317895,0.25386755274840495,0.3432402586392818,1.7500980596617817,1.2030482879607673,0,0,1,19.8,309.0279877663182
P15_triggerbot_02,P15,triggerbot,66,3.3000000000000003,0.07279507743368205,-0.8236272140189372,0.10485861748012898,-0.879131825735564,-0.12719574565992633,0.038350634537765466,0.1328515294734461,-0.03457665031372312,0.09666641339130266,-0.018696588522773894,0.0,1.8796704457035105,0,0,0.0,0.12412152941596112,0.17257350841495964,0.2125741514653309,0,25.52712105531274,5.142663355418714,0.2744773696336823,25.031980936710678,37.49137459294128,0.23149346216630265,0.466962825197757,3.039235400640957,1.2030482879607673,0,0,1,19.8,295.1727682126061
P15_triggerbot_02,P15,triggerbot,67,3.35,0.17464490950099282,-0.8702761513173125,0.10294735061267773,-0.836634380967865,0.10184983206731076,-0.04664893729837531,0.11202460284779926,-0.02082692662564685,0.032838178541113726,0.06382823485018893,0.0858039919148217,3.0049324461528637,0,0,0.0,0.2155733511569154,0.1271817076983309,0.2502939402024876,1,27.558488331849,3.7096626454300736,0.3957845820313113,25.821569750382352,34.94870006121323,0.2893160363259949,0.4529562683111153,2.371029076007661,1.2030482879607673,0,0,1,19.8,193.56602333068412
P15_triggerbot_02,P15,triggerbot,68,3.4000000000000004,0.10350182392506424,-0.7826415613001958,0.10116728455268834,-0.8087708759673301,-0.07114308557592858,0.08763459001711668,0.11287674690888298,0.0008521440610837205,0.09582202389806245,-0.06298384535694873,0.0,2.682200790835896,0,0,0.0,0.28890529421910416,0.07653282179508236,0.2988704432354343,0,22.624849503571347,3.8283770319539165,0.18550359040104625,21.285021772304695,37.89191619428892,0.22671445456144151,0.3273445356619558,2.313163990174278,1.2030482879607673,0,0,1,19.8,282.2280438099679
P15_triggerbot_02,P15,triggerbot,69,3.45,0.09294519200972304,-0.548291032561639,0.104986271720148,-0.7753084983251283,-0.0105566319153412,0.23435052873855677,0.23458817701972348,0.1217114301108405,0.007481804451643685,0.08834021944641876,0.24868285244949245,0.6368879524587441,0,0,0.0,0.33795348953228327,0.022720434072032013,0.3387163698604906,1,32.14837800585611,3.4805406660970126,0.34781466552671303,25.628843487884307,38.439928536127915,0.3490867762288815,0.4861174156611083,2.3365747966251202,1.2030482879607673,0,0,1,19.8,319.2819780446619
P15_triggerbot_02,P15,triggerbot,70,3.5,0.08066209878305487,-0.5873938038977247,0.1124702117575279,-0.7481164107035165,-0.012283093226668169,-0.039102771336085626,0.040986596655214265,-0.19360158036450922,0.20077701099900983,-0.19329520654736615,0.0,2.792213927019557,0,0,0.0,0.3585952227455482,-0.03203110802750331,0.3600229515703116,0,24.40115093878475,3.3866006314701296,0.23693224093703813,20.261332048953765,37.54033389743633,0.6317927471591328,0.6308368876444659,1.9660027856133886,1.2030482879607673,0,0,1,19.8,247.81113468306634
P15_triggerbot_02,P15,triggerbot,71,3.5500000000000003,0.12999184936488842,-0.7942378195597866,0.12244621432668923,-0.716449638891341,0.04932975058183355,-0.2068440156620619,0.21264494141096613,0.17165834475575187,0.13565146832107383,0.065125542677936,0.16618340648528487,0.5384774554485674,0,0,0.0,0.34909546631705934,-0.08545863689770036,0.35940342683889104,0,24.727408376216278,4.3162896031075855,0.328942858918423,23.09703275634772,38.11248902867185,0.36354279623248065,0.47515652432932004,3.8518393141483935,1.2030482879607673,0,0,1,19.8,205.50347610860427
P15_triggerbot_02,P15,triggerbot,72,3.6,0.16373388978900283,-0.7268633202949419,0.13096294963805535,-0.7005505106435579,0.03374204042411441,0.06737449926484468,0.07535149927619972,-0.1372934421347664,0.09369234167051971,0.041959126650554124,0.03794019721727042,2.4431799683840634,0,0,0.0,0.31025271613250177,-0.13535371332458423,0.338492799891443,0,24.60440997547412,3.525268944743235,0.39358154223969377,22.752663770712665,38.53254433096113,0.4646752088467455,0.35479201460986165,2.6047369187373453,1.2030482879607673,0,0,1,19.8,324.6638812011111
P15_triggerbot_02,P15,triggerbot,73,3.6500000000000004,0.06452420220348896,-0.5289964065512694,0.12814945984542028,-0.6833352596931945,-0.09920968758551386,0.19786691374367252,0.22134560683524127,0.14599410755904155,0.05622227062436316,0.037470071046156544,0.09952602736645348,0.9290618771798231,0,0,0.0,0.24533187444958202,-0.17965391282969828,0.30407771542151246,1,25.965087453954574,4.039068613523943,0.3081067395344479,24.964858691778304,38.10659702201375,0.3633048200946417,0.3668710269202952,2.5303937701476786,1.2030482879607673,0,0,1,19.8,300.6483585348527
P15_triggerbot_02,P15,triggerbot,74,3.7,0.07653736001246866,-0.5904142611932574,0.12727378708020087,-0.6760127643201252,0.012013157808979701,-0.06141785464198792,0.06258169723943101,-0.15876390959581027,0.15984780215511216,-0.103625531530749,0.0,2.869987526783625,0,0,0.0,0.15978982064928587,-0.21652807646104044,0.2691044308053086,0,30.051728962172948,3.4244696421097864,0.35469072459111045,24.99060409646474,38.665181265948874,0.5308613144593974,0.5192331466524601,2.840365084318493,1.2030482879607673,0,0,1,19.8,237.26251893381078
P15_triggerbot_02,P15,triggerbot,75,3.75,0.17189290554496306,-0.7832375123369888,0.12395197121566663,-0.6742348631705146,0.0953555455324944,-0.1928232511437314,0.21511272915715174,0.15253103191772072,0.0963018103224452,0.06354599183266696,0.1640346207614768,0.26609785998641966,0,0,0.0,0.06081673676698659,-0.24445200217019056,0.25190366578515644,0,25.8037597432902,3.8188009713745283,0.33994422680428854,22.979454451815005,36.88992350231184,0.35375753451549985,0.4328837919477604,2.425967243242741,1.2030482879607673,0,0,1,19.8,270.0304416706313
P15_triggerbot_02,P15,triggerbot,76,3.8000000000000003,0.14481065428255027,-0.7326935569351454,0.11979834554662075,-0.6816777733753653,-0.027082251262412777,0.050543955401843414,0.05734230341644809,-0.15777042574070366,0.1141412447775737,-0.017839434455128506,0.0,3.108961248779967,0,0,0.0,-0.04326825861059928,-0.2622714480551135,0.2658165808750835,0,29.053347560927072,3.814610540858895,0.4219303110262949,26.35322582838588,37.345836503870544,0.5339227555200045,0.3489288223991907,2.7929608246216193,1.2030482879607673,0,0,1,19.8,281.6804602317749
P15_triggerbot_02,P15,triggerbot,77,3.85,0.04024578400113937,-0.5443410889280114,0.11335337753934777,-0.6810727670337939,-0.1045648702814109,0.18835246800713407,0.21543088056577858,0.1580885771493305,0.060450526963277136,0.05369071781429657,0.13879966340331173,0.01490463653446028,0,0,0.0,-0.14371636848049968,-0.26924984321508155,0.3052046405947471,1,24.329867707021855,3.852927703234095,0.3129373377854743,22.4239111346129,39.40395662588221,0.28854263107498496,0.37999530618941013,2.3089940597380685,1.2030482879607673,0,0,1,19.8,292.8750322364153
P15_triggerbot_02,P15,triggerbot,78,3.9000000000000004,0.05425248292445697,-0.600874340425214,0.11380657421362919,-0.6845891690188809,0.014006698923317594,-0.05653325149720263,0.058242562955062596,-0.157188317610716,0.15836891685511045,-0.09791838989183332,0.0,2.877669927904402,0,0,0.0,-0.23208449190010982,-0.26509873407854134,0.35233584857430744,0,21.45919653754985,4.223827021393186,0.32180816815322244,24.70765467051558,38.799748899931664,0.516580056884851,0.6079767549388287,3.5105669898815894,1.2030482879607673,0,0,1,19.8,320.43100956820325
P15_triggerbot_02,P15,triggerbot,79,3.95,0.15940273107830036,-0.7895426373443761,0.10778611436790483,-0.6770914670364588,0.10515024815384338,-0.18866829691916207,0.21599143721266345,0.15774887425760087,0.09313914367438339,0.06522977318072706,0.16906886950033545,0.26558261240864534,0,0,0.0,-0.30094490337905305,-0.24998970769794496,0.3912322696618104,0,32.73508563971056,4.123054671308221,0.3290950866884834,30.792993221904187,37.859237501466005,0.32362122877478083,0.4586209545909214,2.91138692121581,1.2030482879607673,0,0,1,19.8,288.57203687275586
P15_triggerbot_02,P15,triggerbot,80,4.0,0.15958594209172838,-0.7236027772945649,0.11730037980419847,-0.6707045357292131,0.0001832110134280297,0.06593986004981123,0.06594011457120871,-0.15005132264145474,0.1260757803001976,-0.0329366366258142,0.0,2.6303616124180387,0,0,0.0,-0.34450958554379335,-0.2245472991594074,0.411227849362541,0,27.64275765013932,4.496187063015459,0.38866761317198645,26.121511414776904,36.409344033675005,0.5202107521090185,0.45307155456092657,3.460295499688224,1.2030482879607673,0,0,1,19.8,299.5188257273403
P15_triggerbot_02,P15,triggerbot,81,4.05,0.05264034732297117,-0.5270873304167638,0.11676090522529821,-0.6678154949436593,-0.10694559476875722,0.1965154468778011,0.22373126983509725,0.15779115526388854,0.07032925888071595,0.05574652141948164,0.14966688031284092,0.5011653087283872,0,0,0.0,-0.3591167371964177,-0.18982317628104825,0.4061990511904562,1,27.807347642835182,4.259413070675963,0.39130205766468223,25.678802460284334,37.24369523326644,0.32512328356923276,0.4804276447482264,2.2168555211326177,1.2030482879607673,0,0,1,19.8,303.7650741217732
P15_triggerbot_02,P15,triggerbot,82,4.1000000000000005,0.06988103724974874,-0.5688836103284716,0.12750045564602897,-0.6766231551012594,0.017240689926777575,-0.041796279911707715,0.045212502735516774,-0.17851876709958048,0.16722738616091606,-0.09689812728020011,0.0,3.0344360953932146,0,0,0.0,-0.3435385636472422,-0.14725266868145898,0.3737674318966566,0,29.328957777229498,3.7788156364826597,0.3470960064642678,25.696962550504672,37.07127694297145,0.5666478060040576,0.4950188538490508,2.651832627797504,1.2030482879607673,0,0,1,19.8,224.43935317412064
P15_triggerbot_02,P15,triggerbot,83,4.15,0.16626275925570128,-0.7321824826705211,0.1404883600818823,-0.6867100842850156,0.09638172200595252,-0.16329887234204957,0.18962056334959485,0.14440806061407807,0.13736255677058895,0.029864829390327113,0.06795582928000037,0.1419647373606403,0,0,0.0,-0.29908447820376993,-0.09859543809925438,0.31491679141704276,0,32.7237208474799,4.320144814716543,0.26174270044709624,31.091301942045387,37.4645073711,0.29332430787452507,0.3794051143583301,2.218919762494931,1.2030482879607673,0,0,1,19.8,302.727960566005
P15_triggerbot_02,P15,triggerbot,84,4.2,0.14603841480638727,-0.6651324387843163,0.14674585609652535,-0.6913637748284877,-0.020224344449314015,0.06705004388620486,0.07003379536728319,-0.11958676798231166,0.045244628618410984,0.09211792815217797,0.07741641755841272,2.901349708214477,0,0,0.0,-0.2294910402815692,-0.045862742369739716,0.2340289057086537,1,21.536268444911872,4.053059256540824,0.3125901068184983,23.37144482719192,39.65297206101655,0.49708583274487766,0.4930683485435885,2.1583517699169343,1.2030482879607673,0,0,1,19.8,303.1961773887178
P15_triggerbot_02,P15,triggerbot,85,4.25,0.16511978631332766,-0.7992237089301832,0.1551357956294646,-0.6954311765434585,0.019081371506940382,-0.13409127014586703,0.13544211851531918,0.06540832314803599,0.03163504145148808,0.013609587166922905,0.022119735816083272,2.9899931401933415,0,0,0.0,-0.14060788131801996,0.008765700381049657,0.14088084962801978,1,18.296116291972403,3.853913576556254,0.3088667451191992,18.592076076902455,35.78115766260712,0.383543623703095,0.30637441770971163,1.9424666130595474,1.2030482879607673,0,0,1,19.8,275.4837732420672
P15_triggerbot_02,P15,triggerbot,86,4.3,0.18211306472826086,-0.7000510255282486,0.166874604639073,-0.6989857236364116,0.016993278414933206,0.09917268340193464,0.10061805327289827,-0.034824065242420904,0.10025334449837942,-0.06861830304689134,0.0,2.83053779940805,0,0,0.0,-0.039906017783207404,0.0630318108872289,0.0746022750258801,0,24.796287621308,3.6698899873414255,0.28236239330765134,22.347800796276307,37.92177877270804,0.33254778896991466,0.457166669539931,1.8110819085007515,1.2030482879607673,0,0,1,19.8,196.2774025611908
P15_triggerbot_02,P15,triggerbot,87,4.3500000000000005,0.04369901456497077,-0.7415990854008715,0.17669624993888589,-0.7038212768077008,-0.1384140501632901,-0.04154805987262286,0.1445153644488531,0.04389731117595483,0.0065997482658509245,0.09365359623252849,0.16241260309787509,2.0321136068730263,0,0,0.0,0.06415012027999203,0.11469248696971844,0.13141386722578588,1,28.250928462077173,4.098367668800562,0.2994225555664661,23.95600398843809,37.77038152112832,0.26582208023797044,0.5227206201276536,2.151618963395117,1.2030482879607673,0,0,1,19.8,326.81934517101405
P15_triggerbot_02,P15,triggerbot,88,4.4,0.1418260073621524,-0.7360759588897884,0.17673242515667179,-0.7110595085664821,0.09812699279718161,0.0055231265110830974,0.09828230584329796,-0.04623305860555514,0.1364937877226787,-0.1298940394568278,0.0,2.9062039642506283,0,0,0.0,0.16281416145151403,0.16161232268155165,0.22940574101727632,0,24.702702420139108,3.489739024050698,0.3136243073950826,21.968371051860526,39.43137102716465,0.3397672095095258,0.5895524719033718,3.7324693925705166,1.2030482879607673,0,0,1,19.8,344.45502247433285
P15_triggerbot_02,P15,triggerbot,89,4.45,0.3564283433280885,-0.6155543729190194,0.17265784758021552,-0.7118729794276976,0.21460233596593606,0.12052158597076905,0.24612926540122362,0.14784695955792565,0.03919676754624755,0.09729702017643116,0.2873717292210364,0.4554825711686497,0,0,0.0,0.24779296352992003,0.2018518758046355,0.3196021472718703,1,24.98015817570635,4.2756031640904055,0.3910907826294516,23.879756908069346,37.769383672631356,0.35774283272198304,0.5769346150208235,2.3378011064828157,1.2030482879607673,0,0,1,19.8,253.4021971703737
P15_triggerbot_02,P15,triggerbot,90,4.5,0.32687361141510773,-0.6225104256764463,0.17055055934371618,-0.7110540278938425,-0.029554731912980733,-0.006956052757426954,0.0303622932008152,-0.2157669722004084,0.2089754403733875,-0.16977867282713996,0.0,2.861038722199948,0,0,0.0,0.3119436882392183,0.23374783514062358,0.3898036878548159,0,28.647127891198483,4.66520903119127,0.287458049504539,27.414566934197516,37.95355485552471,0.6605521430467238,0.7036367013477803,2.514805745207843,1.2030482879607673,0,0,1,19.8,242.2601278311073
P15_triggerbot_02,P15,triggerbot,91,4.55,0.15391015077380935,-0.7233089894754776,0.17405512631073183,-0.7097706215383148,-0.1729634606412984,-0.10079856379903127,0.20019168109829477,0.16982938789747956,0.1759767915705023,0.032998648802885194,0.07927265973386183,0.296502050860207,0,0,0.0,0.3498741878828188,0.2559817738624763,0.43351887605552075,0,24.84163527844763,4.485446653230717,0.44900491722873237,24.945401336394447,39.002598786075716,0.33899090246613506,0.5027008809946486,2.9609412397171244,1.2030482879607673,0,0,1,19.8,218.35029357350913
P15_triggerbot_02,P15,triggerbot,92,4.6000000000000005,0.22697320463083487,-0.736607765042689,0.1821027837260526,-0.7145347817422464,0.07306305385702551,-0.013298775567211325,0.07426349891098363,-0.12592818218731114,0.029526450415276923,0.14645034115522537,0.1305109770107311,2.4338891087243812,0,0,0.0,0.3583962388325277,0.26763464699108147,0.44729874611867965,1,26.24598584937326,3.571623416229972,0.38930381237398126,26.00945651802418,37.94678079491084,0.4533314992267616,0.6287561090847399,2.205093739841183,1.2030482879607673,0,0,1,19.8,289.7180639719868
P15_triggerbot_02,P15,triggerbot,93,4.65,0.0895484983247806,-0.6841103314491989,0.18142084009820206,-0.7200918021414283,-0.13742470630605427,0.05249743359349016,0.14711060613432392,0.07284710722334028,0.04845404983146076,-0.018927599416183837,0.0,2.9567382362695263,0,0,0.0,0.3367935256046631,0.2682247803311909,0.43055128808648857,1,24.909306148426566,4.231625892205211,0.39944915401669046,25.094347048432176,38.473034198475126,0.36975928720193046,0.3917668388867601,2.7208839499264315,1.2030482879607673,0,0,1,19.8,337.7858453359424
P15_triggerbot_02,P15,triggerbot,94,4.7,0.18040233578563145,-0.714345113678591,0.18054546965937815,-0.7197332622348681,0.09085383746085085,-0.030234782229392087,0.09575260747270263,-0.05135799866162129,0.09772124635835418,-0.04926719652689342,0.0,3.0979483676726747,0,0,0.0,0.286881850294986,0.2577277805852419,0.3856485510332813,0,26.050906467395052,3.7893923678773422,0.29326000836470256,24.51338387704093,37.78431650450855,0.36489931664652064,0.37196489840011826,2.5225599175640956,1.2030482879607673,0,0,1,19.8,225.40360570355904
P15_triggerbot_02,P15,triggerbot,95,4.75,0.19013072535351744,-0.9084934100622514,0.17421368119118297,-0.7332594430697721,0.009728389567885996,-0.19414829638366035,0.19439187882281034,0.09863927135010771,0.019901037711825113,0.07782020864652907,0.18153139883018277,1.1994732943502047,0,0,0.0,0.2128565065073308,0.23657754365593237,0.31824020255897895,1,26.58189242470348,3.9503641986389955,0.20393956203620853,23.836265516432835,39.73323350704524,0.2743709036828101,0.4829039215921057,2.09762834829972,1.2030482879607673,0,0,1,19.8,257.4957191702015
P15_triggerbot_02,P15,triggerbot,96,4.800000000000001,0.15438280676589206,-0.8449920667678834,0.17343123670634078,-0.7422452301018501,-0.03574791858762539,0.06350134329436795,0.07287204047875057,-0.12151983834405977,0.1670847996115241,-0.14718376189969898,0.0,2.678929695230549,0,0,0.0,0.1209396466616824,0.20564831945912407,0.23857415918538732,0,29.60952525326773,3.383228325804731,0.3809305140483812,27.557860820061915,38.48759070735909,0.44836024153891046,0.6184575874301131,2.0379173668836406,1.2030482879607673,0,0,1,19.8,275.432700231545
P15_triggerbot_02,P15,triggerbot,97,4.8500000000000005,0.17041659794192418,-0.6151993696531571,0.16817195055316228,-0.7604555620979045,0.016033791176032118,0.2297926971147263,0.2303513970149453,0.15747935653619474,0.08565372792939821,0.08143107168212588,0.22509313346882215,0.5823913335385682,0,0,0.0,0.01885728299470518,0.16621857460217337,0.1672848219795229,0,27.781214186782677,3.6419774747433564,0.34847320434261286,24.31348482952933,36.95244481229528,0.3659281363996916,0.43302744017115585,2.061657396387508,1.2030482879607673,0,0,1,19.8,211.3074438813651
P15_triggerbot_02,P15,triggerbot,98,4.9,0.16874323035475514,-0.6792210666194716,0.1671228591164417,-0.7811481173942297,-0.001673367587169035,-0.06402169696631438,0.06404356206152478,-0.16630783495342052,0.16598143146834418,-0.08032770353894597,0.0,3.0980618919680363,0,0,0.0,-0.08481011740450692,0.1199181466721915,0.146877901385673,0,29.192290331019247,3.456639435808527,0.2638289602950513,24.397449712205187,39.476828867338085,0.5590484426773203,0.39210406351161886,1.7812311337328806,1.2030482879607673,0,0,1,19.8,235.46237357398405
P15_triggerbot_02,P15,triggerbot,99,4.95,0.150008742058598,-0.9049977508491291,0.1575144818953512,-0.7951042661121339,-0.018734488296157138,-0.22577668422965758,0.22655262566003811,0.16250906359851333,0.11642594520389665,0.04955548626444753,0.1347231063488465,0.05665685162065692,0,0,0.0,-0.18134885820895116,0.06866087452391405,0.19391163983649598,0,27.275245008738928,3.5961521708595,0.47438175751661843,25.55000608355249,37.59048953533752,0.31093088183937745,0.4276324600872421,3.222263090373115,1.2030482879607673,0,0,1,19.8,308.273015471633
P15_triggerbot_02,P15,triggerbot,100,5.0,0.11600037892326401,-0.8505681718733078,0.14747290416609385,-0.8195075718866788,-0.03400836313533398,0.0544295789758214,0.06418058764634306,-0.16237203801369504,0.0855277801234713,0.030898165080425352,0.02379674870466499,2.5003389786394243,0,0,0.0,-0.2626444379656859,0.014565489309753639,0.26304800754452323,0,26.706490220066364,3.6067014765835834,0.3476596189565863,23.839108087760486,37.35090875851881,0.5015351626468927,0.4067294981818136,2.8970533587608873,1.2030482879607673,0,0,1,19.8,210.88972391621996
P15_triggerbot_02,P15,triggerbot,101,5.050000000000001,0.2863377564101746,-0.8313160572011886,0.13536916349907752,-0.8517143049601593,0.1703373774869106,0.01925211467211918,0.1714218950089711,0.10724130736262803,0.019402665718839952,0.06612511440463134,0.13602350902712299,2.0167159343774204,0,0,0.0,-0.3218636092700318,-0.04013196376048594,0.3243559117506642,1,28.332697935463475,3.655404676707717,0.3705836777392988,28.963671024498787,38.667320433996046,0.3625568324246763,0.416966069780107,2.794300921708111,1.2030482879607673,0,0,1,19.8,294.16234471461854
P15_triggerbot_02,P15,triggerbot,102,5.1000000000000005,0.21494083864795968,-0.8678256063073444,0.13412530763873537,-0.8736493884984342,-0.07139691776221493,-0.03650954910615581,0.08019019292830817,-0.09123170208066292,0.15798968478897718,-0.13858701907013724,0.0,2.7814439218469738,0,0,0.0,-0.35402874295895037,-0.09317055286346553,0.36608346420178334,0,24.20679357983783,3.3199881410825043,0.38233486393917404,25.423067921893267,35.98128131217178,0.40099641319167445,0.6908415250813266,2.079145242815616,1.2030482879607673,0,0,1,19.8,247.27333212397045
P15_triggerbot_02,P15,triggerbot,103,5.15,0.007784337149993992,-0.9786716952567264,0.13152152432868128,-0.9054885209209128,-0.2071565014979657,-0.110846088949382,0.23494823163465386,0.1547580387063457,0.09152746658073473,0.06646221820824245,0.1873821676625167,0.01862463351815835,0,0,0.0,-0.35643621951267596,-0.14235791570008888,0.3838131768751069,0,25.78674894527382,3.932049778958363,0.41065604976879466,27.44998295226797,38.52528105318064,0.32894038374129464,0.4756027624785999,2.352206242053687,1.2030482879607673,0,0,1,19.8,317.7834547612456
P15_triggerbot_02,P15,triggerbot,104,5.2,0.06610614758043927,-0.9754474318534583,0.1270163633593611,-0.9334666419579362,0.05832181043044528,0.003224263403268109,0.058410867536601865,-0.17653736409805199,0.12751381461527087,-0.03598634803453614,0.0,2.7055012535290377,0,0,0.0,-0.3288836800457464,-0.18566088129619002,0.3776697470596644,0,27.06234414589954,4.421350285810135,0.20736966198851794,23.92258818279158,38.60784306022534,0.5460456469383946,0.3152398220175988,2.52438814959391,1.2030482879607673,0,0,1,19.8,307.55879361581054
P15_triggerbot_02,P15,triggerbot,105,5.25,0.2921534229053175,-0.9331415361768159,0.11171722863550185,-0.9617488398198423,0.22604727532487823,0.04230589567664238,0.22997208415545625,0.17156121661885437,0.04762375603325441,0.07989005858201645,0.2204697993048938,0.12978693533782315,0,0,0.0,-0.2736870354523121,-0.22128951159312815,0.3519568742272274,1,25.257338523170453,3.496176799805212,0.37369923391474713,22.253816267746437,38.21860327777021,0.35565477537517515,0.4773262979670671,3.292434113839289,1.2030482879607673,0,0,1,19.8,236.4668821750001
P15_triggerbot_02,P15,triggerbot,106,5.300000000000001,0.23719826239723746,-0.922797309766586,0.1233093905592692,-0.9359833374059144,-0.054955160508080025,0.010344226410229923,0.0559202350361203,-0.17405184911933597,0.16886794572416372,-0.1212441896909093,0.0,2.7705245509965835,0,0,0.0,-0.1954858040129941,-0.24777108894979655,0.315602934222695,0,24.14777653647336,4.137940288785076,0.3613458215532845,24.12639639344272,37.286147598500335,0.5625105909628761,0.6867867887509359,2.3586695586854654,1.2030482879607673,0,0,1,19.8,283.2953840068187
P15_triggerbot_02,P15,triggerbot,107,5.3500000000000005,0.02239121744865344,-0.8937350394344322,0.1433325151637665,-0.9120194804611749,-0.21480704494858402,0.02906227033215376,0.2167641163024964,0.1608438812663761,0.09448248572214027,0.07438546000202345,0.19348918203711968,0.05157516858936395,0,0,0.0,-0.10085313968493306,-0.26401099126558236,0.28261839871696964,0,25.619463794973605,3.356377884418361,0.31807303641090584,24.572221325397212,38.35260662737501,0.297956743891481,0.4239265692567243,2.021189077850219,1.2030482879607673,0,0,1,19.8,312.61600024960563
P15_triggerbot_02,P15,triggerbot,108,5.4,0.06007482880468116,-0.9003514162698221,0.16619694559369302,-0.8903177591551941,0.03768361135602772,-0.00661637683538981,0.03826004452767958,-0.1785040717748168,0.1438463251245297,-0.04936383940238942,0.0,3.1022654161242285,0,0,0.0,0.0022566701050124663,-0.26933793843706927,0.2693473921193472,0,23.945296220995157,5.384551071689975,0.33827529755253677,29.39241101201496,35.58155583931238,0.5714756010570408,0.5074742622239911,2.7808413257535882,1.2030482879607673,0,0,1,19.8,243.50696898674408
P15_triggerbot_02,P15,triggerbot,109,5.45,0.2527168799509897,-0.8569228527666773,0.1831720149531455,-0.8645869570978764,0.19264205114630853,0.04342856350314475,0.19747658088442696,0.15921653635674737,0.12818741661150462,0.015658908513025066,0.03710721256241084,0.3955353841691266,0,0,0.0,0.10517679694805918,-0.26353173987575257,0.28374484407332334,0,26.354206911786704,3.332237018140341,0.23487032458001786,21.382967107434514,36.14150569133264,0.3513290023145865,0.2825036929600373,2.6426516960318738,1.2030482879607673,0,0,1,19.8,218.01542398855324
P15_triggerbot_02,P15,triggerbot,110,5.5,0.18954698767037897,-0.7894504099009265,0.2048598981884013,-0.8423352559449735,-0.06316989228061072,0.06747244286575078,0.09242816582090096,-0.105048415063526,0.050030877310489975,0.07815653930101465,0.08668638689402335,2.1015425676522486,0,0,0.0,0.19925635611289938,-0.24683239613674127,0.31722125911419574,1,29.35687684600314,3.567757207094157,0.23526817940279576,26.69219578322958,38.34309940144546,0.40170952573863505,0.3688218899305666,2.1867393075188226,1.2030482879607673,0,0,1,19.8,258.52068433284944
P15_triggerbot_02,P15,triggerbot,111,5.550000000000001,0.2883762219487642,-0.859233288253897,0.22056239372476436,-0.8108972521185339,0.09882923427838525,-0.06978287835297045,0.12098292300683361,0.028554757185932644,0.03770838704884302,0.012322490261646953,0.017889730686927483,2.938077652084029,0,0,0.0,0.27658755106963323,-0.21993017844052193,0.35336943387279096,1,25.882685079011456,4.339883163724347,0.297207224843714,23.870027959055328,37.556686769794474,0.3328829362736009,0.3176957405343657,2.367823907436332,1.2030482879607673,0,0,1,19.8,224.04583393905997
P15_triggerbot_02,P15,triggerbot,112,5.6000000000000005,0.24062499137454144,-0.7675351371244241,0.23687436298825454,-0.7855671067317854,-0.04775123057422278,0.09169815112947294,0.10338631893009949,-0.01759660407673412,0.08988407966062134,-0.05217569261177832,0.0,2.6657058844740362,0,0,0.0,0.33067035821524554,-0.1839370961530454,0.378385704200639,0,28.37198014110982,4.240541561143981,0.3874893454377796,25.855332815521223,38.45131903539204,0.26330390733244324,0.5028237540738708,3.4880064675734976,1.2030482879607673,0,0,1,19.8,230.02636038101585
P15_triggerbot_02,P15,triggerbot,113,5.65,0.26659884908744447,-0.5245436159989887,0.2481630062633392,-0.7458076457672376,0.025973857712903007,0.24299152112543548,0.24437577748897923,0.14098945855887973,0.02299794662878303,0.06688613303183831,0.1961442091546414,0.5865921298234913,0,0,0.0,0.3569588821557745,-0.1403409316224083,0.3835560202089723,1,32.12514471014853,3.662342174846014,0.28489267124177203,28.87810089546035,36.658847429920634,0.33924247876641417,0.4236508165718573,2.061606571817924,1.2030482879607673,0,0,1,19.8,255.5223557430586
P15_triggerbot_02,P15,triggerbot,114,5.7,0.27621435223302787,-0.5717703760145516,0.2619701694393374,-0.7067510185305399,0.00961550314558338,-0.04722676001556287,0.04819569236259908,-0.19618008512638016,0.18226618504972208,-0.15926823842093907,0.0,2.834247290353482,0,0,0.0,0.3532434580050466,-0.09094374235275185,0.36476253219935684,0,26.43289804493677,5.064674064336402,0.37211990814664064,27.792925995918385,38.09008599487236,0.5869598806103304,0.7845589529284346,2.516114986058436,1.2030482879607673,0,0,1,19.8,283.76366157806785
P15_triggerbot_02,P15,triggerbot,115,5.75,0.28634698053645546,-0.7953793377130425,0.2819944544701588,-0.6799384456003177,0.01013262830342761,-0.22360896169849084,0.223838419196108,0.17564272683350893,0.10832239315941473,0.07394379189030735,0.19861753783310865,0.15557451366319297,0,0,0.0,0.31983638333829567,-0.03778737254219174,0.32206086013448393,0,27.739867359540025,4.312002136428297,0.3795540823001615,25.456910421139163,37.55858345672864,0.33499334018890226,0.49932186650912325,2.454416950918613,1.2030482879607673,0,0,1,19.8,343.03581175137197
P15_triggerbot_02,P15,triggerbot,116,5.800000000000001,0.2916553661937946,-0.7421191366894949,0.2901528120152294,-0.6549263672167347,0.005308385657339129,0.05326020102354753,0.053524087767618585,-0.17031433142848942,0.14050452403563926,-0.03218213087622453,0.0,2.9969685273570685,0,0,0.0,0.25954566822135305,0.016930947017495587,0.26009731036552053,0,25.19133457305594,4.184065887202765,0.3531274235817854,28.119031194334514,38.667021425920126,0.5654555777776282,0.39597029788063465,2.887478659873654,1.2030482879607673,0,0,1,19.8,322.03795888453936
P15_triggerbot_02,P15,triggerbot,117,5.8500000000000005,0.30416261302097997,-0.5240913212365788,0.2990469633390067,-0.6362134473971759,0.012507246827185355,0.21802781545291613,0.21838626223818886,0.16486217447057028,0.10616332103338857,0.034341203002250686,0.08999576357309276,0.04203838967526252,0,0,0.0,0.17743900973974785,0.07094942198182265,0.19109793996005575,0,28.830770888374072,5.272200813733654,0.28732244383192446,26.96687212241582,37.96091791921223,0.3103446042743736,0.42625590555589055,2.5058806967359186,1.2030482879607673,0,0,1,19.8,343.8217922677955
P15_triggerbot_02,P15,triggerbot,118,5.9,0.31190091534832093,-0.5637340888772132,0.31122296626335577,-0.6253251492843368,0.007738302327340938,-0.039642767640634444,0.04039096865784062,-0.17799529358034824,0.10147973457351063,0.004683586459877945,0.0022700951268866012,2.8915130222229752,0,0,0.0,0.08041782999607715,0.12203518624388032,0.14614928690505652,0,30.10448472328367,3.919313198204612,0.20251909728540898,24.493680677654744,36.94946562950019,0.5549953235651899,0.1993524188924575,2.2844882563932223,1.2030482879607673,0,0,1,19.8,213.40300389017628
P15_triggerbot_02,P15,triggerbot,119,5.95,0.38877345253930384,-0.7525787354341514,0.33525841694280967,-0.6125459578526081,0.07687253719098293,-0.18884464655693825,0.20389136202250938,0.16350039336466876,0.054112581102805146,0.047367153470705484,0.11589304123525648,0.19380727937257713,0,0,0.0,-0.023362818463547406,0.16807659796924326,0.1696925575017222,1,23.893730527176512,3.7479034565826335,0.4106327599757851,22.691897419077474,40.726073690780154,0.3583454241787276,0.4317590762234636,2.0858624913513504,1.2030482879607673,0,0,1,19.8,265.06734288339527
P15_triggerbot_02,P15,triggerbot,120,6.0,0.39855879579782627,-0.6995740510579405,0.35911750047700386,-0.6005405095550725,0.009785343258522436,0.05300468437621095,0.05390036649698081,-0.14999099552552858,0.1549035106806145,-0.10079092957780936,0.0,2.572450821909018,0,0,0.0,-0.12517972031960703,0.2071705247976635,0.24205286349108607,0,27.155003999819524,4.760994414554375,0.31903975838200005,27.97601018638467,40.74544065019546,0.5109822608854365,0.5880975237503681,2.6421888768725283,1.2030482879607673,0,0,1,19.8,332.29541845800316
P15_triggerbot_02,P15,triggerbot,121,6.050000000000001,0.35150218248880544,-0.490700457867847,0.37340293355734583,-0.578657271103615,-0.04705661330902081,0.20887359319009344,0.2141086238063646,0.16020825730938382,0.12350580990214509,0.031397700778469415,0.08067022205234531,0.4041455806416103,0,0,0.0,-0.21647472170392615,0.23770101025760162,0.321501283689936,0,36.56607851447902,3.798307342157857,0.18660638276960745,27.404239321313067,36.74292252979629,0.3319075483579382,0.33996364301100607,2.3555013264044278,1.2030482879607673,0,0,1,19.8,318.0888894443976
P15_triggerbot_02,P15,triggerbot,122,6.1000000000000005,0.4055487222876878,-0.5276172873371414,0.38787674710593933,-0.5524585335204238,0.054046539798882326,-0.0369168294692944,0.06545136180628433,-0.14865726200008028,0.07167404592595185,0.05183176397619324,0.0407095144447651,2.3916478934202487,0,0,0.0,-0.2895740802908198,0.25840606969924773,0.3881067441229109,1,25.279831014941575,3.411651958917344,0.3349124371609672,23.892434007882375,39.220581924525135,0.4953732717972994,0.4393766923200409,1.8752671636244178,1.2030482879607673,0,0,1,19.8,324.7120012485177
P15_triggerbot_02,P15,triggerbot,123,6.15,0.5713764700079631,-0.6836435001797722,0.4101914712207254,-0.5331269855974757,0.1658277477202753,-0.15602621284263074,0.22769062564803405,0.16223926384174972,0.007204990810206004,0.06446905511574584,0.17614799393090114,0.15569065792930314,0,0,0.0,-0.3383334767477681,0.2684298547207476,0.43188439239411536,1,29.7282690013475,3.3353257018842775,0.25083571634528706,24.481544081964515,38.366139219071236,0.31774993199738566,0.3140761829754383,1.9111159505423216,1.2030482879607673,0,0,1,19.8,250.43521466863857
P15_triggerbot_02,P15,triggerbot,124,6.2,0.5391038632955717,-0.6442686998740663,0.4264886092561506,-0.509899552306381,-0.032272606712391384,0.039374800305705816,0.050910667282278874,-0.17677995836575516,0.226228759480019,-0.219023768669813,0.0,3.012344283030646,0,0,0.0,-0.3586544715250391,0.2673580298590539,0.4473403023147141,0,30.563295716583674,4.367243310184666,0.2973192321572438,27.893411783248954,38.22774772717397,0.5592517341102168,0.7983973146400096,2.2786601439313388,1.2030482879607673,0,0,1,19.8,303.6649827018437
P15_triggerbot_02,P15,triggerbot,125,6.25,0.41647141238326757,-0.4607737895067679,0.44361745751826387,-0.47860017757228057,-0.12263245091230414,0.18349491036729842,0.22070138229621847,0.1697907150139396,0.19121640350640937,0.03501235597360963,0.09272730432987489,0.09745073535464233,0,0,0.0,-0.34882899654269667,0.2552348992417415,0.43223433762245983,0,26.887865527365378,3.6760857428501628,0.21616868625518654,22.86864928489181,36.58670481369072,0.32783810486019194,0.27073622543020537,3.1316504137619976,1.2030482879607673,0,0,1,19.8,317.8761420372643
P15_triggerbot_02,P15,triggerbot,126,6.300000000000001,0.5301203931418882,-0.3138344080634345,0.45915398961148096,-0.45476800935516487,0.1136489807586206,0.1469393814433334,0.1857613324845156,-0.03494004981170287,0.04310303694720117,0.1481133665592082,0.3301648359696721,1.247478585115844,0,0,0.0,-0.30968292574891465,0.23256157526568735,0.3872833598161245,1,22.915657438449752,3.931109477601176,0.23428203269391173,21.04615065263044,38.97710555064512,0.16491089304563303,0.5641201256038328,3.508782729880047,1.2030482879607673,0,0,1,19.8,211.6515668802844
P15_triggerbot_02,P15,triggerbot,127,6.3500000000000005,0.5295269613589365,-0.3884024731099065,0.47672213760083937,-0.4314420454143867,-0.0005934317829516707,-0.07456806504647202,0.07457042635023552,-0.11119090613428008,0.12916241735930867,-0.0860593804121075,0.0,2.4912150624791956,0,0,0.0,-0.2445066568191358,0.200275265000707,0.3160596257037176,0,24.815979349693258,4.017672169379765,0.3119315480173874,24.833435977530716,36.756396092858324,0.4065832347684527,0.4684071062846244,2.1833636056362953,1.2030482879607673,0,0,1,19.8,234.37097170573
P15_triggerbot_02,P15,triggerbot,128,6.4,0.3803106579739222,-0.5202712008111654,0.4916309606606643,-0.4067693766013981,-0.1492163033850143,-0.1318687277012589,0.19913529707572536,0.12456487072548984,0.042112349884436684,0.08705006747487198,0.20801689256484684,0.839078465925432,0,0,0.0,-0.15877853890646523,0.159710530519417,0.22520674496130333,1,30.574634871061036,3.5573623480146193,0.36663814804098693,26.44106905979139,38.118268502708666,0.30649606627200676,0.5022690744835878,2.1195581415277704,1.2030482879607673,0,0,1,19.8,284.14920296252615
P15_triggerbot_02,P15,triggerbot,129,6.45,0.41625521277116506,-0.4616855220406648,0.5073932612272176,-0.3810748687837566,0.03594455479724282,0.05858567877050056,0.06873349093835021,-0.13040180613737515,0.18848237822013789,-0.1463700283357012,0.0,2.8448710264780774,0,0,0.0,-0.05970439354495874,0.11254412446651481,0.12740013563770522,0,26.470017996463223,4.4190483690634,0.2655002261167657,26.36965957237806,36.082551813377705,0.4797247485358775,0.6115752267855171,2.952428329175058,1.2030482879607673,0,0,1,19.8,283.2749106041898
P15_triggerbot_02,P15,triggerbot,130,6.5,0.5780695680419936,-0.30154592500041927,0.533379109169573,-0.3637757991430356,0.16181435527082857,0.16013959704024555,0.2276589029928901,0.1589254120545399,0.15265752829597212,0.035824849924165764,0.097870152403446,0.24028521064512576,0,0,0.0,0.04438816602135344,0.06072568110194714,0.07521913073171357,0,22.442072296179756,3.826629285046341,0.34401558990712455,22.461131626767447,39.44654862551853,0.336207141072874,0.36223191220128154,2.5710745952790237,1.2030482879607673,0,0,1,19.8,335.86414853106436
P15_triggerbot_02,P15,triggerbot,131,6.550000000000001,0.6032859587675968,-0.3833327029101682,0.5578522602986065,-0.34924802498008994,0.02521639072560317,-0.08178677790974889,0.0855858831939291,-0.142073019798961,0.051809553895602295,0.10084797440036983,0.10357395548849284,2.0519215153846755,0,0,0.0,0.14474970698651038,0.006397127719627752,0.14489099666901958,1,29.6587663348208,4.088661866333081,0.29255840902116104,24.841057962391588,36.749693106776505,0.4484112630404514,0.5704373615510859,2.7062796501249133,1.2030482879607673,0,0,1,19.8,314.5770293659616
P15_triggerbot_02,P15,triggerbot,132,6.6000000000000005,0.5159697530294566,-0.2908624669588202,0.5698719346926321,-0.3413234271453552,-0.08731620573814025,0.092470235951348,0.12718044001104575,0.04159455681711666,0.05367752094840473,-0.0018679670528024342,0.0,2.6839253457383423,0,0,0.0,0.23294440490123458,-0.04819585241069364,0.23787798545553493,1,30.47170735154174,4.008124325774069,0.3299214377782667,28.13865177606883,37.476335568236244,0.31618627658131965,0.26599225507969465,2.186832312666596,1.2030482879607673,0,0,1,19.8,231.123845078496
P15_triggerbot_02,P15,triggerbot,133,6.65,0.5930358702918358,-0.36630854207056285,0.5694806000737668,-0.3408171058302861,0.07706611726237923,-0.07544607511174266,0.10784848946399528,-0.019331950547050475,0.07320434888842423,-0.019526827940019496,0.0,3.1023108891372715,0,0,0.0,0.3015591114438527,-0.10079664587871602,0.3179588990973602,1,26.623820382539304,4.096642588426253,0.3623421052592242,24.903297182006817,35.75564891446329,0.3144596938057349,0.3469391507910231,3.3172187481565762,1.2030482879607673,0,0,1,19.8,301.67867877945764
P15_triggerbot_02,P15,triggerbot,134,6.7,0.5218700118539258,-0.2696689685001378,0.5780827234029263,-0.34729453472110144,-0.07116585843791003,0.09663957357042506,0.12001577640909651,0.012167286945101233,0.02418944144387537,0.04901490744454885,0.07059074607093041,2.9803157163873495,0,0,0.0,0.34482646181042403,-0.1492309867687727,0.37573285213922597,1,27.143762214791177,4.203672848130541,0.42106253846480496,25.440936145570614,37.2188040197278,0.2785262369015108,0.4867264363453157,2.57659489100223,1.2030482879607673,0,0,1,19.8,319.7152221964539
P15_triggerbot_02,P15,triggerbot,135,6.75,0.6037267250427965,-0.32810146385205285,0.5940731706090069,-0.34375587913789724,0.08185671318887063,-0.058432495351915054,0.10057274982387923,-0.01944302658521728,0.10345127578748751,-0.07926183434361214,0.0,2.82549301150161,0,0,0.0,0.35910964683512475,-0.19149683044232807,0.406977609358925,0,26.04015358634254,4.245626785423027,0.3030998598507127,25.485781755492088,37.17126866376432,0.27283599270043235,0.4598855906909406,2.080229313661428,1.2030482879607673,0,0,1,19.8,278.8376520322907
P15_triggerbot_02,P15,triggerbot,136,6.800000000000001,0.7382536066075819,-0.5238970382202536,0.6117586522109283,-0.33935153198431617,0.13452688156478543,-0.19579557436820072,0.23755712745720645,0.13698437763332721,0.01382302018427018,0.08962825560321733,0.2555019712812069,0.34884197107062453,0,0,0.0,0.3432081026337611,-0.22584710851433573,0.410851211678574,1,28.0039775663484,3.3472077648617993,0.31658343372132836,23.01507555785693,40.719305620474245,0.2852631820752121,0.4420660201913364,2.053271958389907,1.2030482879607673,0,0,1,19.8,206.3934940497963
P15_triggerbot_02,P15,triggerbot,137,6.8500000000000005,0.7194615236736571,-0.4654185901754492,0.6284749473582001,-0.3451247244943348,-0.01879208293392471,0.05847844804480441,0.06142370280864215,-0.1761334246485643,0.20978773601311926,-0.19596471582884908,0.0,2.8505191447966873,0,0,0.0,0.29845842322496813,-0.25086194432739917,0.38988350247946796,0,25.993086577057156,3.4686519981680264,0.3855366976432161,23.71556839767598,38.13139452693438,0.5872910710055763,0.7489935775340466,2.8672268852270295,1.2030482879607673,0,0,1,19.8,230.03643402197784
P15_triggerbot_02,P15,triggerbot,138,6.9,0.5962082291895522,-0.26867302441524005,0.6388105491478654,-0.3587359055027249,-0.12325329448410494,0.19674556576020913,0.23216414935878937,0.17074044655014722,0.13373770934534443,0.07605002666777483,0.21187307700044627,0.24872129175842805,0,0,0.0,0.22862201398399384,-0.2655073438805047,0.35037433543651286,0,33.01963518080997,4.062377248208413,0.30467978540092755,29.051080855946697,37.709284912415214,0.3502120246065994,0.46510835917631405,2.0756313434207914,1.2030482879607673,0,0,1,19.8,324.02472737540455
P15_triggerbot_02,P15,triggerbot,139,6.95,0.5906763678935923,-0.31073379471677587,0.6471811095728095,-0.3691165785483601,-0.005531861295959891,-0.042060770301535814,0.04242298772783803,-0.18974116163095134,0.11263721454945021,0.021100494795894223,0.01074175238133037,2.4511740395915647,0,0,0.0,0.1395689291453483,-0.26917793620925873,0.3032099063761852,0,30.04698637347199,3.5751469916066227,0.3184537192510773,24.692265470913526,39.078648072023114,0.5817671687977596,0.3727564787142387,2.122900206262345,1.2030482879607673,0,0,1,19.8,293.4668826755872
P15_triggerbot_02,P15,triggerbot,140,7.0,0.7226951336456744,-0.47339064042847306,0.6498377909366161,-0.37309797884635176,0.1320187657520821,-0.1626568457116972,0.20949034337549308,0.16706735564765504,0.08596141831440002,0.02667579623505019,0.06705986055714419,0.8125681055394274,0,0,0.0,0.03878446818870272,-0.2617219965341553,0.26458011724712965,0,26.829777512654953,5.180131475092351,0.3565147760595682,26.157746115155586,38.32428681013578,0.38125368941604215,0.4936870393066128,3.118259324587759,1.2030482879607673,0,0,1,19.8,353.48651702279284
P15_triggerbot_02,P15,triggerbot,141,7.050000000000001,0.7016336346694593,-0.4102870684203515,0.6594186172481885,-0.36804131818709424,-0.02106149897621516,0.06310357200812156,0.066525540503699,-0.14296480287179408,0.12289181105394768,-0.036930392739547666,0.0,2.7819295252837097,0,0,0.0,-0.06525999617016152,-0.24344771783929323,0.252042969394684,0,25.809895707326344,4.631406781297484,0.39730019255340043,25.14782606080074,35.95350482066481,0.4986032563154159,0.4419085099310629,2.6288779587814473,1.2030482879607673,0,0,1,19.8,330.2407393637434
P15_triggerbot_02,P15,triggerbot,142,7.1000000000000005,0.5921054602879291,-0.22463277018146008,0.6652430877146555,-0.36205135925292525,-0.10952817438153022,0.18565429823889143,0.21555495688553797,0.14902941638183897,0.060423137510016066,0.06246867354393162,0.16158518678950712,0.21086757183378646,0,0,0.0,-0.1638190737368555,-0.2151104716443788,0.27038713714056073,1,29.236611337957704,3.8133641555742033,0.36795210502788456,26.80950248283004,38.892364769652126,0.29320151742862915,0.4173978687062424,2.4483481531263678,1.2030482879607673,0,0,1,19.8,311.62660156223683
P15_triggerbot_02,P15,triggerbot,143,7.15,0.6229406181805978,-0.25620233614888865,0.6754367281806146,-0.3600519130047772,0.03083515789266868,-0.031569565967428555,0.04412985902580736,-0.17142509785973062,0.1590045422357628,-0.09858140472574672,0.0,2.90096491266823,0,0,0.0,-0.24860844495789414,-0.17788158454894423,0.30569268395894833,0,29.44809812374948,3.550423495910056,0.19850933659327002,22.835056470371878,38.72417101097738,0.5637103553608244,0.42619152417054157,1.6119217632968736,1.2030482879607673,0,0,1,19.8,255.5768734882504
P15_triggerbot_02,P15,triggerbot,144,7.2,0.7455252875961491,-0.41951278076206655,0.6942242899921817,-0.35105343183138804,0.12258466941555135,-0.1633104446131779,0.20419917359155462,0.16006931456574727,0.11865113661112672,0.040353405624636074,0.09888158496186575,0.12973028436288758,0,0,0.0,-0.3125011940455477,-0.13329992117751427,0.33974382299877737,0,24.434631898387522,4.357511326365836,0.33230132011679747,23.5889882137406,38.43728771324511,0.3381312013990882,0.4182950612490894,2.4748828798920908,1.2030482879607673,0,0,1,19.8,359.83123428525005
P15_triggerbot_02,P15,triggerbot,145,7.25,0.7596767756247811,-0.34233372988921434,0.718959121054058,-0.34839611176760643,0.014151488028631948,0.0771790508728522,0.07846572823251449,-0.12573344535904013,0.07591667678191483,0.042734459829211896,0.040238286133466986,2.316347625775054,0,0,0.0,-0.35012685727733944,-0.08320827485584534,0.35987835888170927,1,28.84317674109339,3.9204511324906033,0.40728041051362246,25.676466604401668,38.719414078722444,0.4211759371633668,0.40385173898132093,2.439908542651075,1.2030482879607673,0,0,1,19.8,319.36481472937976
P15_triggerbot_02,P15,triggerbot,146,7.300000000000001,0.6177187330302535,-0.2237718063686286,0.7452931566613532,-0.33517103339503684,-0.14195804259452763,0.11856192352058574,0.1849567937821451,0.10649106554963061,0.01606837625750607,0.05984830052440876,0.132832197339659,1.056308249381309,0,0,0.0,-0.3583228338526152,-0.029677195324282445,0.3595497033547441,1,28.493531279542438,4.636682559016718,0.39804301209334425,27.9070897808479,40.096075387262815,0.2830780062443347,0.5465764276128576,2.6173647292571953,1.2030482879607673,0,0,1,19.8,367.2656967856094
P15_triggerbot_02,P15,triggerbot,147,7.3500000000000005,0.7023300592572068,-0.2423422887989473,0.7752949555720892,-0.3127404675478817,0.08461132622695333,-0.018570482430318686,0.08662528120346101,-0.0983315125786841,0.18095769832362166,-0.1648893220661156,0.0,2.661813766632295,0,0,0.0,-0.3364002162584532,0.02508059791276001,0.337333873025517,0,21.485459223185416,3.4114217337598887,0.3023165834224584,22.87093922420812,40.20845796166654,0.3922848593023514,0.65597545372395,1.9779630085588416,1.2030482879607673,0,0,1,19.8,288.4270492191452
P15_triggerbot_02,P15,triggerbot,148,7.4,0.9220210510467446,-0.33073106629408755,0.8031855228188431,-0.28661390804007586,0.2196909917895378,-0.08838877749514025,0.23680521079688296,0.15017992959342197,0.11014445424288968,0.07081324408073197,0.20122734230098632,0.16646122553309187,0,0,0.0,-0.2862016959453288,0.0788016788572494,0.2968520091774746,0,30.28272317720069,4.941850093368231,0.3737453692781417,28.429263641011403,39.85959357206663,0.28540041205962025,0.5535026224585089,2.8802303284860185,1.2030482879607673,0,0,1,19.8,266.0688017801404
P15_triggerbot_02,P15,triggerbot,149,7.45,0.9058831254400573,-0.313517472804665,0.8203413428020649,-0.2691038853677199,-0.016137925606687233,0.017213593489422502,0.023595347925090236,-0.21320986287179272,0.11889773966587602,-0.00875328542298634,0.0,2.7064682454910054,0,0,0.0,-0.21194667708841433,0.12926547425259374,0.2482558292620106,0,20.03492889765124,3.9969600435149597,0.2500179531534578,22.97109813904221,38.48174583092991,0.6215319181052942,0.26972360181682253,2.0337856412853625,1.2030482879607673,0,0,1,19.8,215.00024602984945
P15_triggerbot_02,P15,triggerbot,150,7.5,0.7733027089428658,-0.17082920646632366,0.846045574467312,-0.2512253050617639,-0.13258041649719154,0.14268826633834136,0.19477553282999951,0.17118018490490927,0.08637619271839683,0.03252154694747919,0.07601281962181325,0.004461914923411747,0,0,0.0,-0.11987661729717723,0.17438605149076,0.2116149766182722,0,24.190895847058442,4.455623530710172,0.27116324807454195,22.840253498519793,38.01926697790148,0.33035719805017516,0.395686219215386,2.0732751676109595,1.2030482879607673,0,0,1,19.8,256.92220156319354
P15_triggerbot_02,P15,triggerbot,151,7.550000000000001,0.836321530660552,-0.20976854679791146,0.8591596239097186,-0.23363766633129265,0.06301882171768627,-0.038939340331587816,0.07407863468061995,-0.12069689814937956,0.10637815790017614,-0.02000196518177931,0.0,2.8729684481948805,0,0,0.0,-0.01773040593066913,0.21229834111715964,0.21303744491418447,0,21.726008345161766,4.02301821230499,0.3572006784108354,22.01089730198335,36.60328415303707,0.46410558363804466,0.3900521194867714,2.8589868557974496,1.2030482879607673,0,0,1,19.8,300.2189582414886
P15_triggerbot_02,P15,triggerbot,152,7.6000000000000005,1.0,-0.22207030263204963,0.8746775081851572,-0.20858443701719165,0.2171726784123618,-0.012301755834138176,0.21752081611974947,0.1434421814391295,0.038374250844033606,0.06800390705614254,0.17750718434620458,0.49689287385789593,0,0,0.0,0.08590612324490164,0.24143522990621172,0.25626320892947846,1,25.667403478787364,3.7102554137889916,0.4200707529157362,28.097837492108667,39.476589992658305,0.3494926151500748,0.48481228277976285,2.2646794281665374,1.2030482879607673,0,0,1,19.8,286.2129189836409
P15_triggerbot_02,P15,triggerbot,153,7.65,0.944595404464556,-0.19121287067965922,0.8830923371861121,-0.192097468583091,-0.055404595535443996,0.030857431952390404,0.06341805983426602,-0.15410275628548345,0.12068874183424116,-0.08231449099020756,0.0,2.69001587983174,0,0,0.0,0.18232186876327702,0.2605923378475437,0.31804029677728257,0,29.550530562196606,5.278837224978467,0.24775306974027667,26.51335016931592,36.33699822761088,0.5539276684839237,0.5253670297614725,2.7558457048704526,1.2030482879607673,0,0,1,19.8,201.03005236282496
P15_triggerbot_02,P15,triggerbot,154,7.7,0.7209043081959006,-0.15555831899088868,0.8967936508832335,-0.18578542466384382,-0.2236910962686554,0.03565455168877054,0.22651479776385489,0.16309673792958887,0.04810888499751448,0.07257985683672669,0.19728493911720824,0.35009904207938813,0,0,0.0,0.2634126674607828,0.2689778014711682,0.37647747749774896,1,27.44188596121975,4.176344044254318,0.33089838754436307,25.153204396101998,39.08329448464352,0.351266367184298,0.45943181943422096,2.4867986200182655,1.2030482879607673,0,0,1,19.8,226.06844273741697
P15_triggerbot_02,P15,triggerbot,155,7.75,0.7548441889088803,-0.1575119158161341,0.9014062984472807,-0.18280328111051986,0.03393988071297969,-0.001953596825245426,0.0339960592329008,-0.19251873853095408,0.18254658705549515,-0.13443770205798067,0.0,3.041027398048977,0,0,0.0,0.3223624846722925,0.26624500570643944,0.41809565243819025,0,27.423263046533926,4.545616085346177,0.3211768439138263,25.46569276187835,35.96852457806462,0.6016919019975951,0.6584384535538779,2.200043789829464,1.2030482879607673,0,0,1,19.8,366.3945150531946
P15_triggerbot_02,P15,triggerbot,156,7.800000000000001,0.9603191195883107,-0.18777993104203433,0.9099992355345873,-0.1778112696842278,0.2054749306794305,-0.030268015225900224,0.20769232023219372,0.17369626099929292,0.1564773218740895,0.02606926518140565,0.06497263406729376,0.08875868614019139,0,0,0.0,0.3542163316189272,0.25250691129584774,0.43500454001968636,0,25.617720438763037,3.5481306005266493,0.30669494756838117,21.826006130431637,37.012838440517385,0.36647128247692506,0.3031115037610106,2.6110685672364062,1.2030482879607673,0,0,1,19.8,304.03536888022757
P15_triggerbot_02,P15,triggerbot,157,7.8500000000000005,0.8895579635013711,-0.16586695946034555,0.9227501066540129,-0.17879176317154227,-0.07076115608693966,0.02191297158168879,0.07407644385565589,-0.13361587637653782,0.03862923626640297,0.11784808560768653,0.10475720516417183,2.9875390750650888,0,0,0.0,0.3562967537868161,0.22833138553670643,0.42318151942179033,1,24.667068719418676,3.8088791862274345,0.3008727539053995,24.17559506123652,37.212731386972585,0.4943405936994028,0.5482178797283179,2.901658973158033,1.2030482879607673,0,0,1,19.8,272.4439899787821
P15_triggerbot_02,P15,triggerbot,158,7.9,1.0,-0.16711083891613343,0.9312963543340056,-0.17009509269576728,0.12935253846469316,-0.001243879455787896,0.12935851902120887,0.05528207516555299,0.041952000905251564,-0.003322764638848591,0.0,2.850899239927578,0,0,0.0,0.3284288826354833,0.1947177293555981,0.38181215941165625,1,26.411197083061925,4.1423730064295246,0.2743192441055053,23.98924896124048,38.692523232406245,0.3572332002260475,0.3655148489499332,2.223575806084046,1.2030482879607673,0,0,1,19.8,315.2767059924216
P15_triggerbot_02,P15,triggerbot,159,7.95,0.89169397045223,-0.18419067210983478,0.9499198685741296,-0.17052896384030086,-0.10830602954777001,-0.01707983319370136,0.10964450163290038,-0.019714017388308497,0.0501966447248187,-0.008244643819567132,0.0,2.975565117759155,0,0,0.0,0.27295513405996885,0.15305537097435953,0.3129384153372583,1,25.479116903879525,4.8940050903366545,0.3265666966841397,26.537080966484524,38.552555150477794,0.29390700735003916,0.4015010317155004,2.533912870014914,1.2030482879607673,0,0,1,19.8,245.36421132438556
P15_triggerbot_02,P15,triggerbot,160,8.0,1.0,-0.16885034114284914,0.9690819736860131,-0.1714987456731234,0.11414029712976062,0.01534033096698564,0.1151665454159614,0.005522043783061023,0.07842185946014621,-0.028225214735327513,0.0,3.1187793507635586,0,0,0.0,0.19453831813698588,0.10506643357445956,0.22109751850173137,1,27.7211337290707,4.441452818412842,0.3742673905197089,25.978845004377636,40.265463948145104,0.2704772180283816,0.43261438006122743,3.0146773010473047,1.2030482879607673,0,0,1,19.8,317.3870655715712
P15_triggerbot_02,P15,triggerbot,161,8.05,0.8822996106630352,-0.14624046632456583,0.9494959823478706,-0.16967950992408878,-0.1177003893369648,0.02260987481828329,0.1198523595486194,0.004685814132658006,0.05051082378930661,0.0279110356708396,0.040142441791149716,2.8182093410100837,0,0,0.0,0.09976970963808557,0.05273455093855391,0.11284913745332235,1,33.08882051367315,3.4947532668558394,0.31283644786952036,27.128882128408964,36.186519359011385,0.2410939977848106,0.27965427510428204,2.0084359626114963,1.2030482879607673,0,0,1,19.8,300.805509776213
P15_triggerbot_02,P15,triggerbot,162,8.1,0.9750500093138444,-0.19672919228642344,0.9289019818355482,-0.1643700745593918,0.09275039865080921,-0.05048872596185761,0.1056018366276628,-0.014250522920956604,0.05000463672149751,0.0005061870678090968,0.000641451408453743,2.832882239096241,1,1,508050.0,-0.003384977310476237,-0.0017771265088802298,0.003823120455989292,1,21.05107031061236,4.038160367117805,0.3098252320201068,23.323304872830132,38.22263395993689,0.2720048593409028,0.26609246346017784,2.1306037056722604,1.2030482879607673,0,0,1,19.8,268.1888613087022
P15_triggerbot_02,P15,triggerbot,163,8.15,0.8802274258039691,-0.1372611768473477,0.9127152854235132,-0.15776390256318915,-0.09482258350987532,0.05946801543907574,0.11192750869982514,0.006325672072162336,0.07351130257109732,-0.02350666584959981,0.0,3.079943867100278,0,0,0.0,-0.10625514217934644,-0.05621534602266859,0.1202094853495409,1,24.260793547094767,5.204904419005125,0.4082062012939665,25.093266431767642,38.738639381264875,0.3074856455418624,0.4591551009600422,3.0679089134922912,1.2030482879607673,0,0,1,19.8,306.3175781550528
P15_triggerbot_02,P15,triggerbot,164,8.200000000000001,0.9890205051310458,-0.1664125659165545,0.9003424380945042,-0.14450402131677478,0.1087930793270767,-0.029151389069206796,0.11263097972641396,0.0007034710265888255,0.021379254324150086,0.05213204824694724,0.0704602040303802,2.843251022728394,1,1,100.0,-0.20019409975867422,-0.108329891258258,0.22762478537762976,1,27.862328054076272,3.6378839693715963,0.286346859351383,24.064431754746508,37.74285569930386,0.22987709281932717,0.3301333995436189,2.0164013042804267,1.2030482879607673,0,0,1,19.8,256.1651297106089
P15_triggerbot_02,P15,triggerbot,165,8.25,0.8815340119258199,-0.11464644237011234,0.8951866445011568,-0.13622103569499888,-0.10748649320522585,0.05176612354644217,0.11930246338019419,0.00667148365378023,0.09857140507179823,-0.07719215074764815,0.0,2.954570867383755,0,0,0.0,-0.2773058716939289,-0.15596659548267763,0.3181573908970008,0,25.997135420615773,3.331024292319486,0.34091433765620316,21.969758466223368,39.099749681242805,0.2787724828477939,0.39686601175607766,2.821282896680568,1.2030482879607673,0,0,1,19.8,272.51388264427044
P15_triggerbot_02,P15,triggerbot,166,8.3,0.8876332445843066,-0.2544517118947408,0.8837169836963055,-0.1193397945152395,0.006099232658486613,-0.1398052695246285,0.1399382507603849,0.020635787380190715,0.005176187796912558,0.09339521727488567,0.156834760018003,2.0632197165344337,0,0,0.0,-0.33110887784233173,-0.19715638455272444,0.3853618156433119,1,26.459109260590232,3.620980672925491,0.29490353913377615,25.66860010037569,36.95620786164294,0.21997941502548599,0.43135852489610077,1.8775524815897506,1.2030482879607673,0,0,1,19.8,339.21840645864023
P15_triggerbot_02,P15,triggerbot,167,8.35,0.8726613712829048,-0.15979844102261992,0.8771693407865228,-0.09507765955987371,-0.014971873301401803,0.09465327087212087,0.09583005101190499,-0.04410819974847992,0.15971719331470308,-0.15454100551779051,0.0,3.028315549685816,0,0,0.0,-0.35708074130186807,-0.23019666904827413,0.4248495760261652,0,24.395502563777875,4.060975575982369,0.38336127888394045,23.19831380287344,38.262439086669296,0.3528835818656506,0.7203150161445523,2.3289605900746313,1.2030482879607673,0,0,1,19.8,280.897882036171
P15_triggerbot_02,P15,triggerbot,168,8.4,0.854512566344752,0.0726687111614529,0.8735646493391819,-0.07945195250892287,-0.018148804938152723,0.23246715218407282,0.23317451825886976,0.13734446724696475,0.08035156580757219,0.07936562750713089,0.22207250352345778,0.07896383017995845,0,0,0.0,-0.3530384138783954,-0.2537217211981995,0.4347537618946501,0,26.729739258352417,3.821857048072718,0.18470998332395275,22.262902266885604,35.98713512813471,0.3116110637608973,0.3981920132742832,2.5561890448993685,1.2030482879607673,0,0,1,19.8,313.1371323741635
P15_triggerbot_02,P15,triggerbot,169,8.450000000000001,0.8520746308750597,0.029700462202709048,0.8709541762728277,-0.0712211564712803,-0.002437935469692249,-0.042968248958743856,0.04303735526185335,-0.1901371629970164,0.1448261735474375,-0.0644746077398653,0.0,3.0070032552629447,0,0,0.0,-0.31932167079041873,-0.26675912755240455,0.41608504127029683,0,30.74994790821327,4.061472595988119,0.37098415008030716,25.84210404173267,37.231158753055006,0.6317491165698494,0.45209745785972294,2.7585595576041064,1.2030482879607673,0,0,1,19.8,226.00035925822442
P15_triggerbot_02,P15,triggerbot,170,8.5,0.8853687288188637,-0.17346087141631783,0.8637107091449714,-0.05984986814380202,0.03329409794380399,-0.20316133361902688,0.20587137837920344,0.1628340231173501,0.09030315599508563,0.05452301755235185,0.13469674532275416,0.21911331432101533,0,0,0.0,-0.25876455108273916,-0.2687699839158056,0.3730903337680486,0,24.955786677516123,4.028888002251749,0.40708836831356765,24.15430686006959,38.445776653168366,0.3432301620813239,0.44835754713603987,2.2856426466585447,1.2030482879607673,0,0,1,19.8,259.8456101342492
P15_triggerbot_02,P15,triggerbot,171,8.55,0.862964367802378,-0.13575155431606328,0.8418908893384637,-0.05636240411195082,-0.02240436101648583,0.03770931710025456,0.04386283151740869,-0.16200854686179475,0.12490946149477768,-0.03460630549969204,0.0,2.7679345102241513,0,0,0.0,-0.17645714430654572,-0.25967117107737947,0.31395260926693824,0,25.776574240293247,4.986788311021286,0.3269652153653496,27.902023005217426,37.219962097790976,0.5629945296053885,0.46657971836999623,2.5602109684851255,1.2030482879607673,0,0,1,19.8,241.75250424968328
P15_triggerbot_02,P15,triggerbot,172,8.6,0.734646261037798,0.031746352910607734,0.8149674497998094,-0.05867238757141807,-0.12831810676458005,0.16749790722667102,0.2110002024855916,0.1671373709681829,0.09080144318122983,0.034108018313547844,0.08636158524649033,0.1176236341290986,0,0,0.0,-0.07931774633256897,-0.2398387905619005,0.25261423226230334,0,18.57976564276923,4.113508624924112,0.2870452215031564,21.867592956025593,39.06296728291775,0.32610148042549497,0.33018224419652925,1.9888212116248107,1.2030482879607673,0,0,1,19.8,308.88112060809544
P15_triggerbot_02,P15,triggerbot,173,8.65,0.7523887737258668,-0.016156007069663185,0.7924070020418021,-0.061381094882207374,0.017742512688068757,-0.04790235998027092,0.0510826080791275,-0.15991759440646408,0.10958569584455424,-0.01878425266332441,0.0,2.8425969505471107,0,0,0.0,0.024488653536153312,-0.21009261838676963,0.21151501708536574,0,29.105459365604034,4.768008142460745,0.27650433984028444,25.608764627240035,37.89931404366302,0.5488302211898275,0.3908796219926528,2.448491528152274,1.2030482879607673,0,0,1,19.8,260.08687430382923
P15_triggerbot_02,P15,triggerbot,174,8.700000000000001,0.8524627958959408,-0.20488605250893854,0.7827267929296617,-0.06882345311101432,0.10007402217007402,-0.18873004543927535,0.21362078542315915,0.16253817734403164,0.06078038566617084,0.0488053101783834,0.125109944317526,0.13283110836011014,0,0,0.0,0.126236675462052,-0.17166221943148605,0.21308124228062664,1,27.74541698183495,4.73078308565889,0.2531796167200295,25.46764704674856,39.94192194537222,0.3256312495423202,0.46651592666133107,2.1817358607848676,1.2030482879607673,0,0,1,19.8,268.99898727576175
P15_triggerbot_02,P15,triggerbot,175,8.75,0.8288716790155924,-0.14993697688540136,0.7913947041243127,-0.07395739885515533,-0.02359111688034833,0.054949075623537194,0.059799178151070484,-0.15382160727208866,0.14447014978956832,-0.08368976412339749,0.0,3.0595689369021293,0,0,0.0,0.21737395523495368,-0.126136123090099,0.25132003096189576,0,27.82304040150859,4.801837236144739,0.25292197001554434,26.349256289642646,37.800959778671405,0.5311872032312934,0.5154752502688766,2.8744469995271436,1.2030482879607673,0,0,1,19.8,223.42099524643936
P15_triggerbot_02,P15,triggerbot,176,8.8,0.7504398627298795,0.046599532862624665,0.8046488955651611,-0.08300720766321888,-0.07843181628571295,0.19653650974802603,0.21160848156397644,0.15180930341290594,0.07117820766373018,0.07329194212583814,0.1861103590094814,0.025825396034955705,0,0,0.0,0.29024000771727726,-0.07539616104273976,0.2998730451036037,1,26.70277238899392,3.680643693723468,0.3354119788337157,23.82768934691008,36.934566346283894,0.3049696156280691,0.45764189943956,2.015381501062744,1.2030482879607673,0,0,1,19.8,288.35017992954425
P15_triggerbot_02,P15,triggerbot,177,8.85,0.7611829240225667,-0.038713533328849234,0.8088682056781941,-0.0995766288791124,0.010743061292687229,-0.0853130661914739,0.08598681659957672,-0.12562166496439972,0.15742090560415517,-0.086242697940425,0.0,2.887154269756702,0,0,0.0,0.33871012397029404,-0.021539681309635232,0.3393943222136938,0,28.058938213066586,4.024848593512426,0.28638207784098835,26.761870086221318,39.67973322335137,0.4587121088449754,0.5113358828629587,2.5135703655510664,1.2030482879607673,0,0,1,19.8,346.1500216940308
P15_triggerbot_02,P15,triggerbot,178,8.9,0.8682569466702316,-0.24458175722439413,0.8097721055536802,-0.11358096177757783,0.10707402264766487,-0.2058682238955449,0.23204864131439956,0.14606182471482285,0.0892526772953562,0.06816822830879897,0.1898201371183991,0.3543396034193047,0,0,0.0,0.35871017970482116,0.03320714611251328,0.36024395564228817,0,25.65791823733197,3.8169189281684157,0.2745214409598354,23.073749780062528,38.21667717747676,0.30898183955809194,0.4402393486118896,2.085106931629603,1.2030482879607673,0,0,1,19.8,300.31142936524776
P15_triggerbot_02,P15,triggerbot,179,8.950000000000001,0.8365755636267946,-0.2136674699842621,0.8033498955018604,-0.1339880950706257,-0.03168138304343695,0.030914287240132038,0.044265146414649584,-0.18778349489975,0.12823370617725832,-0.03898102888190212,0.0,2.823546020860697,0,0,0.0,0.3485590831646938,0.08658134850015516,0.35915145045609553,0,29.499100587933587,3.3574809537327797,0.3954730747243084,25.75432567378331,38.10117307564815,0.5833930324162394,0.3786228699591606,2.7314731101366965,1.2030482879607673,0,0,1,19.8,320.1275162968649
P15_triggerbot_02,P15,triggerbot,180,9.0,0.7018941187650312,-0.038518686325462376,0.7840433670198844,-0.14452838856550687,-0.13468144486176345,0.1751487836587997,0.22094385713843517,0.1766787107237856,0.08683227660136715,0.04140142957589117,0.1097686984985122,0.14213016790499022,0,0,0.0,0.30911007820763786,0.13637669090175375,0.3378574289117297,0,26.50911665405053,3.8458396463966444,0.27747612244343767,22.69362499779493,38.60866985696581,0.3473320992870493,0.34106181520752005,2.254096534584881,1.2030482879607673,0,0,1,19.8,247.38711594041624
P15_triggerbot_02,P15,triggerbot,181,9.05,0.7211716676844058,-0.10360998694441928,0.7682296555395026,-0.1577600212844804,0.01927754891937457,-0.0650913006189569,0.06788594338010115,-0.15305791375833402,0.1364510879471688,-0.049618811345801636,0.0,2.7740024865868596,0,0,0.0,0.243679025444359,0.1805348713677694,0.30326936413243194,0,30.183437200325233,4.20676008732305,0.3091114192228869,25.89455597216737,38.38733370583872,0.5208385046372352,0.4422141929807336,2.5708915048592806,1.2030482879607673,0,0,1,19.8,309.4609259123443
P15_triggerbot_02,P15,triggerbot,182,9.1,0.8263557369055134,-0.2935920270959474,0.7560476166765066,-0.1668191903060676,0.10518406922110766,-0.18998204015152811,0.2171563123605842,0.14927036898048304,0.07219234867847027,0.06425873926869852,0.16745029027837,0.21771146875226188,0,0,0.0,0.15776568971838997,0.2172306013358949,0.2684755985356468,1,33.80562791747454,4.0295646817569235,0.3706663772880551,27.92767831964955,38.33739602634771,0.32088970958757174,0.4412761891523456,3.2089994462112914,1.2030482879607673,0,0,1,19.8,306.2083574434311
P15_triggerbot_02,P15,triggerbot,183,9.15,0.7730815473115731,-0.2464156194640274,0.7359612565126121,-0.17711465420312714,-0.053274189593940355,0.04717640763191999,0.0711600499855374,-0.1459962623750468,0.14743859902181558,-0.07524625034334531,0.0,2.801207996676351,0,0,0.0,0.058591460927356086,0.2449470543542851,0.2518571395264446,0,26.905384526454746,3.754439184338305,0.3267362927673306,23.29464233601292,35.05710297576639,0.4952888167211988,0.4201058234890312,2.7807569438646706,1.2030482879607673,0,0,1,19.8,305.071251758423
P15_triggerbot_02,P15,triggerbot,184,9.200000000000001,0.6108250826988014,-0.05220369502862787,0.7232427629107726,-0.1879643965165085,-0.16225646461277163,0.19421192443539953,0.2530719895633196,0.1819119395777822,0.07681438598732683,0.07062421303448875,0.21447612124778156,0.15003542508294698,0,0,0.0,-0.0455076352367421,0.2625385644523721,0.26645345313872876,1,25.826124405634634,3.9101535891266748,0.357587490667452,23.68759966053255,38.59036521822083,0.36325522412456457,0.44374471489835415,2.741180385723364,1.2030482879607673,0,0,1,19.8,225.53450190165762
P15_triggerbot_02,P15,triggerbot,185,9.25,0.6261093235046961,-0.08049829496192065,0.7101439405442868,-0.19908847137704075,0.015284240805894585,-0.028294599933292777,0.032158861957439736,-0.2209131276058799,0.1773115141401003,-0.10049712815277347,0.0,2.9408747560370867,0,0,0.0,-0.14578161653843985,0.26927798250768825,0.3062073016503225,0,29.48406369776378,5.072172265311381,0.30504539005063125,27.607184057291924,37.637775226803335,0.6518529768158629,0.5675695299527053,3.116018354184418,1.2030482879607673,0,0,1,19.8,324.57159205450296
P15_triggerbot_02,P15,triggerbot,186,9.3,0.7111567619080787,-0.28122818063632404,0.6811675964838306,-0.2074587047326524,0.08504743840338264,-0.20072988567440336,0.2180035636906796,0.18584470173323986,0.13838482240692807,0.03892669173317223,0.10183389024624076,0.09451323389107769,0,0,0.0,-0.23380201829937564,0.2648867331223538,0.3533105788751515,0,24.56527351168984,6.0715800252265595,0.2872415628484375,26.303365044154855,38.79737850341175,0.3424042535066944,0.5269500885932699,2.733185253027694,1.2030482879607673,0,0,1,19.8,215.74175929523432
P15_triggerbot_02,P15,triggerbot,187,9.35,0.6524380945618629,-0.24870914272476632,0.6525052886025755,-0.20464510398254918,-0.05871866734621587,0.032519037911557726,0.06712205093416683,-0.1508815127565128,0.09646223587842093,0.04192258652850714,0.03376715985910167,2.477322135135925,0,0,0.0,-0.3021703425484116,0.2495463296013259,0.39189320807245176,0,20.65064880586425,3.595945966273156,0.34738321974773745,23.602326542619476,38.53670413250945,0.4722002409209132,0.336180704045533,2.599127616802937,1.2030482879607673,0,0,1,19.8,342.62640041485315
P15_triggerbot_02,P15,triggerbot,188,9.4,0.5346496170320267,-0.07681031459291726,0.6236331776387767,-0.19747554949987597,-0.11778847752983616,0.17189882813184906,0.208382658951986,0.14126060801781914,0.05877588207487342,0.037686353803547505,0.09423819134146223,0.46429463215441835,0,0,0.0,-0.3451399339860221,0.2238908710581213,0.4113984639920767,1,27.692026446015042,4.73484835718007,0.28961632409125304,24.87780235361415,37.89706832850823,0.31862206510082763,0.3826925813196805,2.65345821654415,1.2030482879607673,0,0,1,19.8,270.83045246776993
P15_triggerbot_02,P15,triggerbot,189,9.450000000000001,0.5567332751222931,-0.13928047474177513,0.5965408859848634,-0.18819465422330464,0.022083658090266352,-0.06247016014885787,0.06625865123643657,-0.14212400771554942,0.1274244885706427,-0.06864860649576929,0.0,2.880651454760742,0,0,0.0,-0.3590990113806796,0.18898083178188646,0.4057904074218058,0,26.693548667937055,3.5099706497711898,0.2969083028742461,25.358740330953204,39.02065121965655,0.512592385690577,0.39367136273346226,1.7997376928204467,1.2030482879607673,0,0,1,19.8,228.27489843572346
P15_triggerbot_02,P15,triggerbot,190,9.5,0.663750104117853,-0.3342648827825653,0.575043078472051,-0.17608486785872787,0.10701682899555988,-0.19498440804079012,0.22242194376293506,0.1561632925264985,0.04110732600661354,0.08631716256402916,0.2303859729311114,0.16216238395278393,0,0,0.0,-0.34287425350552175,0.1462592262883419,0.3727660325075679,1,25.440761460929515,3.4834167800432247,0.40805783630675174,24.68570603891186,39.6414523232028,0.3494481052559277,0.47609586152614886,2.2150762197830156,1.2030482879607673,0,0,1,19.8,293.0688249602659
P15_triggerbot_02,P15,triggerbot,191,9.55,0.6055650602608592,-0.2904395551949532,0.5514952809467326,-0.15864129884262954,-0.05818504385699373,0.043825327587612095,0.07284338450952013,-0.14957855925341493,0.20843413482701711,-0.16732680882040357,0.0,2.71830471243005,0,0,0.0,-0.29782942189559913,0.09749196198236183,0.3133800363741077,0,27.270787145495568,5.442566052842812,0.36637795654612226,26.226170266914817,38.62687404753636,0.5641027409678727,0.8373420009963506,2.981592190323729,1.2030482879607673,0,0,1,19.8,324.3945401328326
P15_triggerbot_02,P15,triggerbot,192,9.600000000000001,0.47211931975081767,-0.08581553277308199,0.5365055775776667,-0.14435998750447573,-0.13344574051004154,0.2046240224218712,0.2442923580720031,0.17144897356248298,0.16158110113842816,0.04685303368858895,0.13735005699134878,0.3473606560094238,0,0,0.0,-0.22775073075362703,0.044694844968571595,0.2320948610494764,0,27.915417515536266,3.6241485391374626,0.328629172123172,26.103121092970945,37.6625516346707,0.33930720438785833,0.3521381322238268,2.6336840152167253,1.2030482879607673,0,0,1,19.8,295.76975230178095
P15_triggerbot_02,P15,triggerbot,193,9.65,0.5159654223376807,-0.08359324152996025,0.5186414440774981,-0.12902920288246755,0.04384610258686308,0.0022222912431217306,0.043902383653134106,-0.20038997441886902,0.06349590015260763,0.09808520098582053,0.051674089492491124,2.0980415340079857,0,0,0.0,-0.1385285991626929,-0.009949743758365145,0.13888545707465258,1,32.7923192221676,3.7811537900505257,0.42593985666422207,28.945136464567884,39.632229410860795,0.5311330978737845,0.5351083979902904,2.8817662719135564,1.2030482879607673,0,0,1,19.8,314.52367329741605
P15_triggerbot_02,P15,triggerbot,194,9.700000000000001,0.4743582940053973,-0.2481705829013632,0.5004396276658564,-0.1155685795693971,-0.041607128332283395,-0.16457734137140295,0.16975527803558393,0.12585289438244984,0.03554535895061276,0.027950541201994868,0.056937022715876195,1.8690603234948124,0,0,0.0,-0.03766253571795199,-0.06418305753492459,0.07441727938615769,1,28.461855686123506,3.6269168331678334,0.3539641830558341,25.7065753445215,39.53980393032733,0.4199314741949455,0.35002960443712927,1.9685496873130428,1.2030482879607673,0,0,1,19.8,294.801184379439
P15_triggerbot_02,P15,triggerbot,195,9.75,0.44464079531690126,-0.16676749472559896,0.4799363523552892,-0.11284026294747773,-0.029717498688496047,0.08140308817576425,0.08665790496459058,-0.08309737307099335,0.13544522964569777,-0.09989987069508502,0.0,2.5439362322215753,0,0,0.0,0.06636922782042258,-0.11576334984239324,0.13343922799616115,0,27.430826064930308,4.216914640525989,0.3477510412757923,25.045523540293445,37.17116718961024,0.39005912520873753,0.531468679325544,2.9138247388834375,1.2030482879607673,0,0,1,19.8,219.499438192766
P15_triggerbot_02,P15,triggerbot,196,9.8,0.49047988836186884,0.062161899396483145,0.4594416904676562,-0.11603924926980579,0.045839093044967597,0.2289293941220821,0.23347353157111578,0.1468156266065252,0.05284336651167147,0.0826018631340263,0.2314241844030609,0.547652074352585,0,0,0.0,0.16482236881731036,-0.16255853741567283,0.23149879340781063,1,25.19662208269751,3.45428400597442,0.3831680996010155,23.889344787246998,37.707336003591394,0.3487018891294129,0.49727037307474514,3.20742356132781,1.2030482879607673,0,0,1,19.8,241.61257227409357
P15_triggerbot_02,P15,triggerbot,197,9.850000000000001,0.470178359076962,0.029431445263183753,0.44447000945182713,-0.12371528459430185,-0.020301529284906885,-0.03273045413329939,0.0385153828888919,-0.1949581486822239,0.1914869094368094,-0.13864354292513792,0.0,2.784025420970639,0,0,0.0,0.2494214721491129,-0.20263433039618867,0.3213592112016434,0,25.95398359910512,4.260973121592079,0.2893342803019147,23.578292582098797,41.39147113789314,0.5843667293336411,0.6434936111467977,2.1638932846054164,1.2030482879607673,0,0,1,19.8,243.0059068255478
P15_triggerbot_02,P15,triggerbot,198,9.9,0.40855006518478054,-0.1870474540706732,0.4318253309786074,-0.1254555315326725,-0.06162829389218141,-0.21647889933385694,0.2250803422444067,0.18656495935551481,0.15956481549913593,0.03192209393767348,0.08622042994379576,0.2778385850324132,0,0,0.0,0.313055614872534,-0.23433418664881087,0.39104517518514414,0,21.47140042127967,3.5537194159490997,0.3862130966544489,21.82644741059545,38.215717450817515,0.3684268065940285,0.35556871695177394,2.0348706344041427,1.2030482879607673,0,0,1,19.8,269.83624094979194
P15_triggerbot_02,P15,triggerbot,199,9.950000000000001,0.40437296736164874,-0.14734971344756134,0.41884132074506836,-0.13318301185357864,-0.004177097823131783,0.03969774062311184,0.03991689813605106,-0.18516344410835564,0.05483874612320993,0.10472606937592599,0.05016407812161425,2.7594083716372606,0,0,0.0,0.3503760702558743,-0.2563477853126287,0.43414004381378934,1,24.448972584224947,3.67713718557662,0.30150352441225525,23.063064798009318,39.15643777112555,0.5852167990048414,0.4701063823002823,1.88235268244144,1.2030482879607673,0,0,1,19.8,254.90003720561947
P15_triggerbot_02,P15,triggerbot,200,10.0,0.29735536127381496,0.04893412941635858,0.39873977850679443,-0.13742362667352215,-0.10701760608783378,0.19628384286391992,0.22356232907670015,0.18364543094064908,0.011413150981223837,0.043425595141986094,0.11649992629781095,0.3943283024291975,0,0,0.0,0.3582458915468866,-0.26776518921558845,0.44725643132981724,1,29.24280192916382,3.672639271432605,0.3324615220842519,25.159990305219683,37.89944596762437,0.3858984585611597,0.3410316262750944,2.364148186462702,1.2030482879607673,0,0,1,19.8,267.064922966267
P15_triggerbot_02,P15,triggerbot,201,10.05,0.31753853976461666,-0.0025442027631410666,0.3928848085298963,-0.13918179888178764,0.020183178490801684,-0.051478332179499646,0.0552935744727583,-0.16826875460394186,0.21098217406341635,-0.19956902308219251,0.0,3.01608067602262,0,0,0.0,0.33600358600423164,-0.2681144573371302,0.4298648299650564,0,30.48153632709098,3.9025411865301995,0.23737100662791985,24.468618635528497,38.27473548240428,0.5522072100296544,0.7234549107808232,1.8489530554606828,1.2030482879607673,0,0,1,19.8,202.74395980032165
P15_triggerbot_02,P15,triggerbot,202,10.100000000000001,0.4118443537601441,-0.1960807874237318,0.38711905417242864,-0.15040372216172562,0.09430581399552747,-0.19353658466059073,0.21529049248734844,0.15999691801459015,0.16341323527192078,0.04756893879149557,0.12289368311425938,0.07976421405758605,0,0,0.0,0.28551871624223846,-0.2573811525989877,0.3844034274532412,0,28.719559451627635,3.6845638577047892,0.1887481868078604,25.906590581056662,35.95871025842659,0.30593875534320586,0.2793647091304457,2.386226112558011,1.2030482879607673,0,0,1,19.8,291.90084095545734
P15_triggerbot_02,P15,triggerbot,203,10.15,0.34349159356582337,-0.18217744094398836,0.3830092027861861,-0.14899917292106923,-0.06835276019432077,0.013903346479743454,0.06975243988218703,-0.1455380526051614,0.055210002317227606,0.10820323295469317,0.09056927402076616,2.2248816218040672,0,0,0.0,0.21103475535390404,-0.23600893862514952,0.3166005165476704,1,26.593402044280534,3.735023135046985,0.28497372038348956,22.925690877105687,38.75817220503671,0.48457036814563503,0.49437739093948063,1.8288940511820995,1.2030482879607673,0,0,1,19.8,354.57003745568056
P15_triggerbot_02,P15,triggerbot,204,10.200000000000001,0.4237459660465204,-0.031159365365877684,0.384316817592376,-0.14098492757193476,0.08025437248069699,0.15101807557811067,0.1710181962645683,0.10126575638238126,0.057995879808181425,-0.0027858774909538184,0.0,1.8585964710628358,0,0,0.0,0.11881240452314519,-0.20488124080374975,0.23683899658176139,1,27.184184213698096,3.542607978794801,0.2900935436085731,22.807762475573725,36.7352830732474,0.3470915046096294,0.26455943983784724,2.0495254328748773,1.2030482879607673,0,0,1,19.8,242.2833569264317
P15_triggerbot_02,P15,triggerbot,205,10.25,0.4106571851632262,-0.10483579605445195,0.3836903442649168,-0.13404728977924,-0.013088780883294189,-0.07367643068857427,0.07483002488319228,-0.09618817138137602,0.11041004404672895,-0.05241416423854753,0.0,2.8289420602534134,0,0,0.0,0.016603353833908985,-0.16528472969514202,0.16611656518520404,0,29.650807195071735,3.4904769945438057,0.42161780557221146,25.45631326665221,37.32063171428001,0.416206460801952,0.4385996712565359,2.3498980351075995,1.2030482879607673,0,0,1,19.8,276.293049885728
P15_triggerbot_02,P15,triggerbot,206,10.3,0.23369713628935435,-0.23112749265218055,0.3811928194413551,-0.11791140100812023,-0.17696004887387184,-0.1262916965977286,0.217403890321622,0.1425738654384297,0.03223538881875892,0.07817465522797004,0.20394569005334653,0.7751345474038525,0,0,0.0,-0.08700128102896733,-0.11885613620786196,0.14729563474503643,1,30.021801351395922,3.444985504355189,0.395430412734853,25.153950593493512,38.192704165556734,0.3319327520754601,0.4789146778819935,2.5369657552195806,1.2030482879607673,0,0,1,19.8,286.98787082719093
P15_triggerbot_02,P15,triggerbot,207,10.350000000000001,0.25947476479752085,-0.1749239426299298,0.3846629195783366,-0.09510244422362074,0.02577762850816651,0.056203550022250755,0.061833042676296315,-0.1555708476453257,0.20320797603452476,-0.17097258721576583,0.0,2.620662514740611,0,0,0.0,-0.1832930794550468,-0.06751459694948583,0.19533195790081465,0,28.25667402650485,4.184938021717881,0.3341601111024922,24.512524644767158,38.46337105474009,0.5028506628050406,0.745391257845476,2.1700664373554495,1.2030482879607673,0,0,1,19.8,280.3178991868185
P15_triggerbot_02,P15,triggerbot,208,10.4,0.41388412601991664,-0.014780629248330734,0.39504606690787,-0.07523965870183956,0.1544093612223958,0.16014331338159907,0.22245928088966158,0.16062623821336525,0.16827517469357048,0.03493280134095428,0.09325351038924112,0.33714912429361965,0,0,0.0,-0.2641782965733738,-0.013382326272835077,0.26451702976723834,0,26.004971146646366,3.626262195562699,0.2808559284191797,23.28643871740959,37.76350248164678,0.3233706243788978,0.3132106879002196,1.9244285891724466,1.2030482879607673,0,0,1,19.8,301.2477050549783
P15_triggerbot_02,P15,triggerbot,209,10.450000000000001,0.5313619948865487,-0.08708593196403795,0.41725890932433257,-0.05154683499167892,0.11747786886663197,-0.07230530271570722,0.13794602739570153,-0.08451325349396005,0.03692076715229484,0.13135440754127564,0.2174378244148194,1.355349295787454,0,0,0.0,-0.3228581777455737,0.04130310594319798,0.325489399977553,1,22.66367978246244,3.5148115409445517,0.30750630854195354,22.576444075409217,39.35938517471784,0.3067461885780806,0.6157948455382629,3.0029955181337757,1.2030482879607673,0,0,1,19.8,235.82498871741197
P15_triggerbot_02,P15,triggerbot,210,10.5,0.46263252104042046,-0.02011103215304101,0.4443186912418099,-0.0219954576016276,-0.06872947384612822,0.06697489981099694,0.0959655030719826,-0.04198052432371893,0.10868903607132503,-0.0717682689190302,0.0,2.920847355860852,0,0,0.0,-0.3544004234920509,0.09428126476004937,0.36672689709932593,0,27.79305993797436,4.199627960962892,0.35929954725547536,24.877775290679857,38.72317025441555,0.31480635062378115,0.5315521388504896,2.3677422356107733,1.2030482879607673,0,0,1,19.8,335.6515425291699
P15_triggerbot_02,P15,triggerbot,211,10.55,0.5366898167489916,0.14941606364772875,0.4769438435050808,-0.006988901077553858,0.07405729570857117,0.16952709580076977,0.18499707905345458,0.08903157598147199,0.019416597916467163,0.08927243815485787,0.19818168358354651,1.2101884902275255,0,0,0.0,-0.3561537707363922,0.14336228577842852,0.38392480174295385,1,28.571870266701445,4.353312893801686,0.359736079325959,25.663660092646822,37.14006154549306,0.30235381887537927,0.5244866768248173,3.051676696759808,1.2030482879607673,0,0,1,19.8,327.75374754136476
P15_triggerbot_02,P15,triggerbot,212,10.600000000000001,0.5584549884539124,0.06715748006509867,0.5112525970051819,0.008290106780652033,0.02176517170492076,-0.08225858358263008,0.08508934875979027,-0.09990773029366432,0.1434000971057651,-0.12398349918929794,0.0,2.4710639713555764,0,0,0.0,-0.32797084300938445,0.18651739368771894,0.3772977763151353,0,26.84979015906328,3.484362300248297,0.3685096328130296,23.232984595655967,39.01808123106374,0.38966422514379623,0.552626067152697,2.227765003962854,1.2030482879607673,0,0,1,19.8,283.26836269055826
P15_triggerbot_02,P15,triggerbot,213,10.65,0.49642955389564736,-0.14869500288757317,0.5366640990307827,0.02343211597069397,-0.062025434558265036,-0.21585248295267184,0.2245872857687521,0.13949793700896182,0.04885437879084453,0.09454571831492056,0.25480519508886,0.5384791297448306,0,0,0.0,-0.2722205380828792,0.22196276216082647,0.35124277806126625,1,25.05925555046022,3.515558852307417,0.524837563700913,27.220424430341566,38.33020983954425,0.30990728135421736,0.5902598971020966,2.603705903494592,1.2030482879607673,0,0,1,19.8,304.75996295410545
P15_triggerbot_02,P15,triggerbot,214,10.700000000000001,0.5114399790762706,-0.09350733017269128,0.5658199211278071,0.028837929091281054,0.015010425180623269,0.0551876727148819,0.0571925876647316,-0.1673946981040205,0.19061207989427761,-0.14175770110343308,0.0,3.1273451497603446,0,0,0.0,-0.1935889117988929,0.24823324872635152,0.31479582675873935,0,26.850967014450685,3.7068534112392233,0.13946584031082795,22.810937963128573,38.78111755626933,0.5604945324668851,0.5155054355545589,1.8452496863747347,1.2030482879607673,0,0,1,19.8,236.3692678173618
P15_triggerbot_02,P15,triggerbot,215,10.75,0.6139306577307453,0.09041396139215965,0.5945536195632697,0.03134621061159703,0.10249067865447474,0.18392129156485093,0.21055018570862793,0.15335759804389634,0.14998761242641367,0.04062446746786394,0.1026418700360744,0.24282998259013766,0,0,0.0,-0.09868529467502102,0.2642429567701615,0.2820693666241217,0,27.62549449021627,3.7368326343645326,0.33856580370009004,24.50690974812097,38.52825917849359,0.31444144920283645,0.3984434842352925,2.4069653721184583,1.2030482879607673,0,0,1,19.8,312.4365977416014
P15_triggerbot_02,P15,triggerbot,216,10.8,0.7262758006748848,0.018708866963497953,0.6251672430906496,0.0418088411592714,0.11234514294413961,-0.0717050944286617,0.13327809913921512,-0.07727208656941281,0.04988705807525575,0.10010055435115792,0.1600945392804482,1.630477446026299,0,0,0.0,0.004513251099792863,0.2693301213221039,0.2693679336648462,1,29.76321604183352,3.3999634373774885,0.18191703638423923,22.83129275701453,37.25060382618027,0.289692768072147,0.3695588723759016,1.7361571839783063,1.2030482879607673,0,0,1,19.8,288.16790076418937
P15_triggerbot_02,P15,triggerbot,217,10.850000000000001,0.6025503721159311,0.059658997393224104,0.6634707254351166,0.049831505149064974,-0.1237254285589537,0.04095013042972615,0.13032610964157695,-0.002951989497638169,0.07009348103427777,-0.020206422959022023,0.0,2.893144229021522,0,0,0.0,0.10733243847090716,0.26328446326349003,0.28432193187310595,1,31.10748346356781,4.576539321526847,0.3779003650228859,27.961906247755955,37.99407164612906,0.26542726735020333,0.4009079119925575,2.325282610234555,1.2030482879607673,0,0,1,19.8,248.10501429003287
P15_triggerbot_02,P15,triggerbot,218,10.9,0.7198075857643232,0.07878213247659566,0.6999536575167787,0.0621483571263067,0.11725721364839213,0.019123135083371545,0.11880634851724699,-0.011519761124329966,0.09743509079771862,-0.02734160976344084,0.0,2.6603014957164604,0,0,0.0,0.2011298671090796,0.24635588126291472,0.318032142520443,0,25.051643871377518,4.516549661821951,0.27237189505242143,24.54157987625089,38.084168804857214,0.2499826708172909,0.3401602623287535,2.0819261979979284,1.2030482879607673,0,0,1,19.8,328.28896448125886
P15_triggerbot_02,P15,triggerbot,219,10.950000000000001,0.9263987281250524,-0.023790968775329033,0.7315466463928402,0.06836137355663431,0.20659114236072917,-0.10257310125192469,0.23065372574998363,0.11184737723273665,0.01569706217443093,0.08173802862328769,0.22623817004904132,0.6225097994533906,0,0,0.0,0.2780214547834512,0.2192441221572159,0.3540676692673235,1,28.79037359051143,3.4087325039174146,0.18821379237932206,27.551352143822445,38.75577350903445,0.25819195173280185,0.3737018082124467,2.621254584370629,1.2030482879607673,0,0,1,19.8,259.03773111906156
P15_triggerbot_02,P15,triggerbot,220,11.0,0.8892817638757241,0.004130950598852795,0.7570538306166397,0.07414685629705567,-0.03711696424932827,0.027921919374181828,0.0464467718644065,-0.18420695388557712,0.19562594892305019,-0.17992888674861926,0.0,2.9574872161664767,0,0,0.0,0.3315441287969503,0.18306985675477958,0.3787295628703208,0,24.0566513770717,3.5362767917468716,0.2801638463340307,21.52311336790108,38.460809583041915,0.5963494334601472,0.6238673106004461,2.0890739166536574,1.2030482879607673,0,0,1,19.8,277.8742812910257
P15_triggerbot_02,P15,triggerbot,221,11.05,0.7047971694208465,0.11125321439198729,0.7746795481495875,0.06750957687894646,-0.18448459445487767,0.1071222637931345,0.2133301314661072,0.1668833596017007,0.13095998670774112,0.06466596221530907,0.16554237864929044,0.11887616899918241,0,0,0.0,0.3571990753839545,0.13932835664949306,0.3834104464171528,0,28.399601418158714,3.332066694889462,0.39677327104700627,26.13317297053254,39.13913493899156,0.32031899034391725,0.4405728089028732,2.462045827540561,1.2030482879607673,0,0,1,19.8,232.48288391495925
P15_triggerbot_02,P15,triggerbot,222,11.100000000000001,0.7402225009525728,0.07262288264707573,0.7844394995729953,0.054217040594090264,0.03542533153172636,-0.038630331744911574,0.05241427901683518,-0.160915852449272,0.09795930723299237,0.033000679474748745,0.02075648186081552,2.8390186274603773,0,0,0.0,0.3528298845931734,0.08982768682496048,0.3640850735506129,0,28.26768581833837,4.9059814691250185,0.42347760874521323,27.81439790436499,34.379755096506045,0.5400827574561214,0.5082978883057027,2.8591603624716955,1.2030482879607673,0,0,1,19.8,259.8931129787615
P15_triggerbot_02,P15,triggerbot,223,11.15,0.9459395860417366,-0.04282924548326131,0.7944506841102321,0.04340920891221353,0.20571708508916373,-0.11545212813033703,0.23589979437762548,0.1834855153607903,0.06159654683233162,0.03636276040066075,0.1029356124182248,0.31723426067303395,0,0,0.0,0.3188038059321596,0.03661396887187353,0.3208994381319179,1,25.047433487675224,3.7583511104687806,0.236194316977813,23.16914740203695,36.258231677448926,0.374464703410067,0.28321101638431606,1.912807302678479,1.2030482879607673,0,0,1,19.8,299.55412488497524
P15_triggerbot_02,P15,triggerbot,224,11.200000000000001,0.9252494912881282,-0.021103640968110814,0.8102692919634423,0.04638831022271035,-0.020690094753608432,0.021725604515150494,0.03000136517663859,-0.2058984292009869,0.1623767253686285,-0.10078017853629687,0.0,2.8432007684698584,0,0,0.0,0.2579808794473391,-0.0181131959193114,0.2586159740364734,0,25.111582598569576,3.4022705576751626,0.34071802457384043,22.389691086052302,37.32028754632344,0.6596893339662707,0.46587819459561114,2.416863963381601,1.2030482879607673,0,0,1,19.8,228.84823437406445
P15_triggerbot_02,P15,triggerbot,225,11.25,0.7848258951721417,0.07718145256357234,0.8256849108293511,0.05226759307827401,-0.14042359611598645,0.09828509353168316,0.1714022927404339,0.1414009275637953,0.1236787923106531,0.03869793305797539,0.07959497340543376,0.1991355198336877,0,0,0.0,0.17547353690673412,-0.07209164758442242,0.18970547647866032,0,24.87148732410293,3.4588183939547092,0.3365359370835922,22.286087005220217,39.750675934202356,0.27439026987854537,0.32356461277789716,2.5470298300892953,1.2030482879607673,0,0,1,19.8,288.60090318759404
P15_triggerbot_02,P15,triggerbot,226,11.3,0.8913304766775937,0.07958815745486818,0.8454995560308662,0.05694848376736353,0.10650458150545193,0.0024067048912958322,0.10653177042594027,-0.06487052231449363,0.06395831570881051,0.059720476601842584,0.07634553723690278,2.508327907881586,0,0,0.0,0.07821687965250095,-0.12309017438884831,0.14583919669845588,1,26.51518758306878,3.6640830206873454,0.34610628706238034,27.602394584489062,36.51295657120538,0.3454854365838759,0.43901828517941177,2.056436584287819,1.2030482879607673,0,0,1,19.8,322.78128255408467
P15_triggerbot_02,P15,triggerbot,227,11.350000000000001,0.8540103557636147,-0.08346066643468734,0.8717484973130313,0.05384949526169872,-0.037320120913979,-0.16304882388955552,0.167265389118016,0.06073361869207573,0.03234088198129789,0.03161743372751262,0.06346202826414578,1.8184027937995813,0,0,0.0,-0.025614246859313818,-0.16900074047856964,0.17093080449256276,1,24.166126619190777,3.629907817539996,0.27929870577330834,23.11990221863478,37.894019056085504,0.2836062648255076,0.3251252404143169,2.2789594077565196,1.2030482879607673,0,0,1,19.8,161.26139214464067
P15_triggerbot_02,P15,triggerbot,228,11.4,0.8777853786094572,-0.02089122654382998,0.8856553095675259,0.047714093921418295,0.023775022845842462,0.06256943989085736,0.06693419544280743,-0.10033119367520857,0.13493784071094891,-0.10259695872965102,0.0,3.003477675933313,0,0,0.0,-0.1272923844091398,-0.20792562202782786,0.24379584784040795,0,26.67381719865418,4.238707215764458,0.41001581661467024,25.47137358343708,38.31341726164388,0.4251894920866439,0.6236669787733318,2.573167561186035,1.2030482879607673,0,0,1,19.8,270.49686509043033
P15_triggerbot_02,P15,triggerbot,229,11.450000000000001,0.9766015564101251,0.16660308511004274,0.9088489083361909,0.03480153482143942,0.09881617780066804,0.18749431165387273,0.21194044894189687,0.14500625349908944,0.06377010700612408,0.07116773370482483,0.1809998571789353,0.12191338012958464,0,0,0.0,-0.21827104287286814,-0.23825585009064373,0.3231224199266042,1,25.634287326202525,4.731868565031769,0.2869333939116092,24.548478464429902,36.27235123855147,0.29254767036083396,0.5074889383353202,2.8072374062555143,1.2030482879607673,0,0,1,19.8,252.1080266556271
P15_triggerbot_02,P15,triggerbot,230,11.5,0.9633115596130489,0.089910037294352,0.9301603765299689,0.03032872908249335,-0.013289996797076186,-0.07669304781569074,0.07783603020533691,-0.13410441873655995,0.14397042508579433,-0.08020031807967025,0.0,2.8281352588468742,0,0,0.0,-0.2909030699245071,-0.2587377177028498,0.38931966640998533,0,23.383368311723515,5.059235357417731,0.34222679656860094,23.484668087919722,37.757927856924404,0.50541205205847,0.6817919537868613,2.6476793372092784,1.2030482879607673,0,0,1,19.8,304.17659776565546
P15_triggerbot_02,P15,triggerbot,231,11.55,0.9244535709082187,-0.12364878572369738,0.946098625141224,0.01973922690200948,-0.03885798870483024,-0.21355882301804938,0.21706523023054441,0.1392292000252075,0.07225114354976966,0.07171928153602466,0.18681314830303714,0.008401325189521858,0,0,0.0,-0.3390834274816405,-0.26852460214827945,0.4325309616103669,1,23.883543414568496,4.939503457267616,0.2998892364824628,25.81363624090954,36.430319239253336,0.28846902155730236,0.5499826511009217,2.516078761222673,1.2030482879607673,0,0,1,19.8,266.6685276273361
P15_triggerbot_02,P15,triggerbot,232,11.600000000000001,0.951220296705861,-0.08151701123754307,0.9664979123568489,-0.00044669242526406555,0.026766725797642325,0.042131774486154315,0.04991536868819397,-0.16714986154235045,0.130178655857882,-0.05792751230811233,0.0,2.7555991730589353,0,0,0.0,-0.358762346734949,-0.2672119603037708,0.4473395278355712,0,30.64486598557723,3.703980192384144,0.27327399966253957,26.26026523079469,36.19972503705519,0.5247563318584808,0.412080978562139,2.1185174132590734,1.2030482879607673,0,0,1,19.8,300.1708352793698
P15_triggerbot_02,P15,triggerbot,233,11.65,0.9513103498942439,0.11700568607506373,0.9453819495749787,0.02156102642879996,9.005318838290182e-05,0.1985226973126068,0.19852271773741573,0.14860734904922177,0.10324324746134593,0.026935408396536062,0.06416748573897055,0.5655252201877963,0,0,0.0,-0.34828572884760856,-0.25485405052236176,0.4315710092053965,0,29.934394360378963,4.731395162607786,0.4208834651607556,27.240935893147295,36.55444926649181,0.34383884501757933,0.48944726786771187,2.5585933715025875,1.2030482879607673,0,0,1,19.8,239.04672438000176
P15_triggerbot_02,P15,triggerbot,234,11.700000000000001,0.8747166571902372,0.06333071439926331,0.9184750900292022,0.0493106522166766,-0.07659369270400672,-0.05367497167580042,0.09352858571813107,-0.10499413201928466,0.07523810138150082,0.02800514607984511,0.031431380468130904,2.1824961978760324,0,0,0.0,-0.3085341791637556,-0.23196168985176263,0.38600461819923576,1,31.047539249206793,3.358233159487656,0.38526018751781027,26.073659559935606,37.30487920756879,0.4453444505350787,0.3183914625746292,1.9668219946432464,1.2030482879607673,0,0,1,19.8,223.64147939329638
P15_triggerbot_02,P15,triggerbot,235,11.75,0.995821290380854,0.08309034230349994,0.8874819243174118,0.06789130156598024,0.12110463319061684,0.019759627904236632,0.1227060515017403,0.029177465783609233,0.013555478602150065,0.06168262277935076,0.0908259730503052,2.6920828699142,0,0,0.0,-0.2428489884955408,-0.19948113929401837,0.31427433262572824,1,28.678749421201296,3.737131756573744,0.19327076686942854,24.222062037482274,38.20082329711146,0.28996549417040257,0.34156504485411493,2.451231686299429,1.2030482879607673,0,0,1,19.8,266.67497938651877
P15_triggerbot_02,P15,triggerbot,236,11.8,0.8881516914014116,0.09061123091121226,0.8674210175584719,0.08066829352776049,-0.10766959897944235,0.007520888607712314,0.10793195221918091,-0.014774099282559391,0.12842311466840467,-0.11486763606625461,0.0,2.910117950553718,0,0,0.0,-0.1567512830838044,-0.15875498988899076,0.22310112407397803,0,24.958958586580156,5.238591279831858,0.35206984830318827,24.765363118818282,40.38066388780365,0.27672084248589174,0.676360698485305,3.1212013152120544,1.2030482879607673,0,0,1,19.8,324.0437809148863
P15_triggerbot_02,P15,triggerbot,237,11.850000000000001,0.6346800190993439,0.13749287204308,0.8552220965844926,0.09870317057372009,-0.2534716723020677,0.04688164113186774,0.25777078371069134,0.14983883149151045,0.0339092568822752,0.09451385778612947,0.2923549343166171,0.11315298546556996,0,0,0.0,-0.05747794990093388,-0.11146666640443986,0.1254134460260659,1,31.157811874910248,3.7565048374792647,0.21419863296510566,25.949411579157214,41.04798294226006,0.28157204212123027,0.45630189868922466,1.826203091370148,1.2030482879607673,0,0,1,19.8,314.34988277893916
P15_triggerbot_02,P15,triggerbot,238,11.9,0.657823413845891,0.1381518755095,0.8394227372280382,0.10913132398523266,0.023143394746547107,0.0006590034664200163,0.023152775340404826,-0.2346180083702865,0.20669774559719692,-0.17278848871492172,0.0,2.930234293077568,0,0,0.0,0.04662665520547759,-0.0595708425854367,0.0756487294142431,0,26.791164830143586,3.917750084571548,0.43139639779521927,24.129642506521947,38.24885004222519,0.6957291633337362,0.7439968908223621,2.3316401496914008,1.2030482879607673,0,0,1,19.8,248.9581755167092
P15_triggerbot_02,P15,triggerbot,239,11.950000000000001,0.8572530292409153,0.11773143111262713,0.8296485525106841,0.10918811428190434,0.1994296153950243,-0.020420444396872885,0.20047235731135873,0.1773195819709539,0.17424918290088062,0.032448562696316297,0.07806047826115137,0.13050571076069054,0,0,0.0,0.14681208694939,-0.005212644264797928,0.14690459671047254,0,26.506463024471746,3.356872041170488,0.3716146687652756,22.717125099439365,37.55372547014346,0.35942049976463675,0.39089232763985005,1.9064479758649138,1.2030482879607673,0,0,1,19.8,256.7520065687186
P15_triggerbot_02,P15,triggerbot,240,12.0,0.7980831975770887,0.09244224461335465,0.8174195159171461,0.11444106606799234,-0.059169831663826625,-0.025289186499272483,0.06434758684613251,-0.13612477046522622,0.03996917919900095,0.13428000370187967,0.10368713039886837,2.6356522563580236,0,0,0.0,0.23465732362826439,0.0493610199073637,0.23979276431676408,1,29.427754604911208,4.223521839267951,0.40663700762671595,26.06517166531547,34.60613329892556,0.47326880081874156,0.6859138093554693,2.727150998521685,1.2030482879607673,0,0,1,19.8,233.01380142980614
P15_triggerbot_02,P15,triggerbot,241,12.05,0.8347564825471893,0.24594304551118848,0.8084322654857037,0.12308817495459207,0.036673284970100625,0.15350080089783383,0.15782086587892816,0.09347327903279565,0.032346193795516356,0.007622985403484592,0.014436793883524425,2.2092147763878796,0,0,0.0,0.3027785906587188,0.10189433495033494,0.3194641301558769,1,28.224835167862352,4.653194364592723,0.22102939544209116,24.950016881192717,39.62498407553801,0.37051826525056103,0.3015075159156451,2.223461730420945,1.2030482879607673,0,0,1,19.8,298.70244583915957
P15_triggerbot_02,P15,triggerbot,242,12.100000000000001,0.7997560708115002,0.15612391579187565,0.7948244148297576,0.12700072894023998,-0.035000411735688984,-0.08981912971931283,0.09639763941716882,-0.06142322646175934,0.12546650829386014,-0.09312031449834378,0.0,3.0045340955907927,0,0,0.0,0.3454499989760229,0.1502158241846881,0.3766968218979546,0,32.987160264074234,3.510486807624824,0.29237980005962577,28.174025382456346,37.855648591672804,0.3604261553099775,0.4384914090956292,2.4834359918233266,1.2030482879607673,0,0,1,19.8,245.78998982034568
P15_triggerbot_02,P15,triggerbot,243,12.15,0.6626931738509694,-0.04798665314830616,0.782202375425183,0.13216479678715432,-0.1370628969605309,-0.2041105689401818,0.24586045244466997,0.14946281302750114,0.02970137379310954,0.0957651345007506,0.2825383115613506,0.21977498264627537,0,0,0.0,0.35908483093807425,0.19232810772107561,0.40734753814083013,1,27.23889716768611,3.6699585973099724,0.19541721638202836,24.152423847823307,37.592453795532975,0.30115594172087135,0.39995323091904034,1.7170362722970962,1.2030482879607673,0,0,1,19.8,279.64407247029334
P15_triggerbot_02,P15,triggerbot,244,12.200000000000001,0.6632065758194419,-0.0062429959081493624,0.7663783895836057,0.13915956131397048,0.000513401968472489,0.0417436572401568,0.041746814266060195,-0.20411363817860978,0.21394936211422502,-0.1842479883211155,0.0,2.5625409833810364,0,0,0.0,0.34253701955824606,0.2264904646180972,0.4106452731138735,0,30.756823293963805,3.8810899271869896,0.3067534938065699,26.55436118699119,37.08402477045899,0.5882603982691388,0.7034543982911231,1.9775638210591506,1.2030482879607673,0,0,1,19.8,276.7785596402342
P15_triggerbot_02,P15,triggerbot,245,12.25,0.7778386796118439,0.15967858327318335,0.7633393072493575,0.13525936950472553,0.11463210379240213,0.1659215791813327,0.2016692580883346,0.1599224438222744,0.17334786794493431,0.04060149416929071,0.09825687847678441,0.592281227200131,0,0,0.0,0.2971974804250966,0.25129078598341326,0.3891958395090925,0,27.10132368314991,3.8142965051775994,0.37258687911942745,24.24769367175889,37.54148034042431,0.369229090113321,0.4493723599353951,2.5692456235352066,1.2030482879607673,0,0,1,19.8,236.5389218476426
P15_triggerbot_02,P15,triggerbot,246,12.3,0.7726412025685001,0.08660674152438501,0.7702906306110834,0.13765693176588145,-0.005197477043343807,-0.07307184174879834,0.07325645244057014,-0.12841280564776447,0.023279307954209773,0.15006855999072455,0.1319218839334243,2.6080214761881817,0,0,0.0,0.22687719919169433,0.26570394482013016,0.3493878214907419,1,30.711886206547067,3.533252486609988,0.22451976839591112,24.14421132914506,39.18548845627249,0.44297594508328675,0.637279032422884,2.157743629133611,1.2030482879607673,0,0,1,19.8,236.88383249145494
P15_triggerbot_02,P15,triggerbot,247,12.350000000000001,0.7196819549431974,0.22035201283776018,0.7548356010886461,0.14823398227046367,-0.05295924762530271,0.13374527131337516,0.14384880780780376,0.07059235536723363,0.06414792472118265,-0.04086861676697288,0.0,2.6935558520205474,0,0,0.0,0.1374869016400904,0.269134169887364,0.3022182150757171,1,23.328521903167122,4.814190116052831,0.3292778692884447,22.911703945263227,36.36534035406753,0.3500506212413991,0.41695787329935796,2.377371434105789,1.2030482879607673,0,0,1,19.8,324.29254771634993
P15_triggerbot_02,P15,triggerbot,248,12.4,0.7084090713871289,0.11844741830703033,0.7290728812411167,0.16171546234462852,-0.011272883556068524,-0.10190459453072985,0.1025262126977347,-0.04132259511006907,0.05938379030060754,0.004764134420575113,0.005861383907093797,2.654390553917087,0,0,0.0,0.03654023144656624,0.26143967204173846,0.26398085277432604,1,25.503376413286517,4.190912303741567,0.44289155860572105,25.41425567869348,38.55902301088554,0.3086737718218575,0.35467182261131003,3.786508877546651,1.2030482879607673,0,0,1,19.8,321.3918939532002
P15_triggerbot_02,P15,triggerbot,249,12.450000000000001,0.6888282656313789,0.2356816793531366,0.7008358919067706,0.1714612876087444,-0.019580805755750084,0.11723426104610628,0.11885823453623652,0.016332021838501826,0.053552062385877744,0.005831727914729794,0.008317786610885657,2.8659235889956762,0,0,0.0,-0.06747780428056181,0.24293850512428714,0.25213562093157144,1,28.658051672583962,3.4369324843485574,0.28687327720425515,23.69834094147361,39.66254955763435,0.28189336622544603,0.2224114580032326,2.562262755123849,1.2030482879607673,0,0,1,19.8,278.2568504167358
P15_triggerbot_02,P15,triggerbot,250,12.5,0.6426608822866643,0.1359249042117292,0.6720184355958484,0.17960317386514707,-0.046167383344714645,-0.09975677514140739,0.10992197901926234,-0.008936255516974176,0.05854373718503027,-0.0049916747991525234,0.0,2.5426507151830884,0,0,0.0,-0.16582403678844918,0.21439541913166774,0.27104060013485143,1,23.384473598317097,3.6353762135288927,0.40224716412294437,23.518305715285983,37.342617018651254,0.23517166325178274,0.3678774776936006,2.2677046249223984,1.2030482879607673,0,0,1,19.8,302.4496156184666
P15_triggerbot_02,P15,triggerbot,251,12.55,0.6518625115967993,0.26293739853095605,0.6485631053315215,0.17727651762816474,0.009201629310135049,0.12701249431922684,0.12734537170683813,0.017423392687575784,0.041770709462655466,0.0167730277223748,0.025631609399459035,2.7804662677232534,1,1,4350.000000000001,-0.25023203707744884,0.17699024909886543,0.30649897333597736,1,23.145650968428853,3.751641586836195,0.17451610060314912,24.07557831048711,38.8584479551954,0.2814422646496166,0.2716497185319855,1.653505703568827,1.2030482879607673,0,0,1,19.8,152.5894386977658
P15_triggerbot_02,P15,triggerbot,252,12.600000000000001,0.5905946481614116,0.1789035519472248,0.6176204176608912,0.17896749670558526,-0.061267863435387725,-0.08403384658373127,0.10399730026109044,-0.023348071445747687,0.09068332487110277,-0.0489126154084473,0.0,2.583932158443126,0,0,0.0,-0.3136069452469892,0.1322691463462344,0.3403592854357137,0,22.340700769543908,3.559005159880668,0.3048212627147892,21.12867010069274,36.768708413075345,0.2549804931742656,0.3812663911167711,2.625826252828377,1.2030482879607673,0,0,1,19.8,308.0693680534276
P15_triggerbot_02,P15,triggerbot,253,12.65,0.5524157269759362,-0.050218455999125305,0.590562051921532,0.17371144682539486,-0.0381789211854754,-0.2291220079463501,0.23228113257054275,0.1282838323094523,0.005192207441058856,0.08549111743004391,0.23829568297646242,0.46486654984664244,0,0,0.0,-0.35062182435821654,0.082080667958478,0.36010123544469264,1,32.32289843085256,4.00900590013055,0.27805482252780206,26.94521544617487,38.68793682778712,0.3272056681363208,0.4392364513887181,2.213823834476,1.2030482879607673,0,0,1,19.8,303.9433286344986
P15_triggerbot_02,P15,triggerbot,254,12.700000000000001,0.5226711311701467,-0.0107654046023858,0.5672631896398379,0.1585072812154797,-0.029744595805789475,0.039453051396739505,0.04940935381244687,-0.18287177875809588,0.20925314937495276,-0.2040609419338939,0.0,2.330470856034766,0,0,0.0,-0.3581654126749079,0.028499366251694074,0.3592974766309044,0,29.53157190816155,3.7461436396770926,0.20364010286140305,23.359239478312375,39.25413927391628,0.5357335585255081,0.6773268885178717,2.2800376920859793,1.2030482879607673,0,0,1,19.8,249.07314975117268
P15_triggerbot_02,P15,triggerbot,255,12.75,0.5289319113504504,0.2086449123462794,0.5416419121260364,0.14107299643647575,0.0062607801803036605,0.2194103169486652,0.2194996231249152,0.17009026931246832,0.1530189222289665,0.056234227145986276,0.14812069998317834,0.6745343553269687,0,0,0.0,-0.3356036387574925,-0.026259963324514166,0.33662945209989326,0,28.166216477249872,3.4426210985643895,0.3261866876063341,25.449757949952037,39.76531292058683,0.3756998493302145,0.37156046752816885,2.5159494927632897,1.2030482879607673,0,0,1,19.8,270.10998653380784
P15_triggerbot_02,P15,triggerbot,256,12.8,0.474654255774286,0.15867356800218052,0.5078293131498772,0.12783161883575325,-0.0542776555761644,-0.0499713443440989,0.07377803975710683,-0.14572158336780838,0.08352309895372227,0.06949582327524421,0.06152718735064605,2.3434369951052845,0,0,0.0,-0.28483291792802906,-0.07993383126718173,0.2958364556920692,0,23.490655610234647,5.145639633644594,0.39100541257310906,24.107292657901045,37.499786940274404,0.4988785117686876,0.5754691347932547,3.419955878219074,1.2030482879607673,0,0,1,19.8,218.1249285061589
P15_triggerbot_02,P15,triggerbot,257,12.850000000000001,0.4012560042134049,-0.07478192177509246,0.4699984479046181,0.11956908126759741,-0.0733982515608811,-0.23345548977727298,0.2447218197042119,0.17094377994710508,0.03938067330169011,0.04414242565203216,0.12963137678067832,0.522068287739651,0,0,0.0,-0.21012075030619976,-0.13030361588002976,0.24724433668064205,1,28.9734015477894,4.121633482683375,0.3566474364822233,27.248558140974158,38.82478759260913,0.36181517013767156,0.4320014591081017,2.4802608251974654,1.2030482879607673,0,0,1,19.8,283.63621222129063
P15_triggerbot_02,P15,triggerbot,258,12.9,0.38832657064236825,-0.02759534291414685,0.43577985323023394,0.11363560940007959,-0.012929433571036635,0.04718657886094561,0.048925897815656774,-0.1957959218885551,0.19155433225349863,-0.1521736589518085,0.0,2.5695361887362065,0,0,0.0,-0.11774701884539514,-0.1752872705123713,0.2111634145647751,0,29.628794382523704,5.888139574889204,0.38568963633610187,28.61426678938256,35.9867879958876,0.6154252527036616,0.8500961976860885,2.8767866187104767,1.2030482879607673,0,0,1,19.8,314.7046795006279
P15_triggerbot_02,P15,triggerbot,259,12.950000000000001,0.3983197677545837,0.1965980976934812,0.3943975594694029,0.10166496937766403,0.009993197112215486,0.22419344060762805,0.22441604844575988,0.1754901506301031,0.12940280228462775,0.06215152996887088,0.1673736091256667,0.31198676745641096,0,0,0.0,-0.015476137830553287,-0.2130253854370729,0.21358681064795118,0,29.131031448638115,4.007516653570499,0.35057175560427284,24.926221277832965,37.58426541887854,0.3629838393647006,0.417533621139138,2.2583075187971704,1.2030482879607673,0,0,1,19.8,291.55740671813703
P15_triggerbot_02,P15,triggerbot,260,13.0,0.36332837544834035,0.16045244576492354,0.3651351675272916,0.0926380119451509,-0.03499139230624336,-0.03614565192855765,0.05030810758585409,-0.17410794085990577,0.10912798504987337,0.020274817234754383,0.012239852240754627,2.416963621217825,0,0,0.0,0.08809557994541635,-0.24195804697997372,0.2574966557147537,0,29.897342295123657,4.083733994744206,0.2758228636296016,27.07843309114265,41.00014719976988,0.5416755108647819,0.34782227236670904,2.104923325830846,1.2030482879607673,0,0,1,19.8,266.4221719114358
P15_triggerbot_02,P15,triggerbot,261,13.05,0.29169064705188913,-0.04096888549249117,0.33664654488440643,0.0785203661782077,-0.07163772839645122,-0.2014213312574147,0.21378146976600404,0.16347336218014996,0.08616719647085204,0.022960788579021327,0.058903093552915904,0.42746446015321804,0,0,0.0,0.18426248069655612,-0.2608893169109682,0.3193992759395681,0,27.898108562396395,3.734498565278321,0.28001312693120045,28.141378209559527,40.37129686594447,0.37082598249940535,0.2692647519111464,2.30350975508576,1.2030482879607673,0,0,1,19.8,322.4187669501717
P15_triggerbot_02,P15,triggerbot,262,13.100000000000001,0.2726727988239281,0.01787549984497537,0.31097539602004937,0.071359359039978,-0.019017848227961043,0.05884438533746654,0.06184125028624509,-0.15194021947975894,0.11397164587085311,-0.02780444940000107,0.0,2.4872907925271353,0,0,0.0,0.2649413177452453,-0.26903666682625466,0.3775905586022619,0,24.8459082683446,3.6546713679102734,0.34644226107104625,23.053059044747467,38.88629720604778,0.49407109069794275,0.3759694660612775,2.1974602003230044,1.2030482879607673,0,0,1,19.8,270.09620688795917
P15_triggerbot_02,P15,triggerbot,263,13.15,0.318081082210853,0.21649722451517112,0.28343610738964636,0.05969135796611709,0.045408283386924916,0.19862172467019576,0.2037461698072146,0.1419049195209695,0.04317886985191158,0.07079277601894153,0.17308508356655244,0.5373471670820096,0,0,0.0,0.32335068359643976,-0.26606332414017403,0.41874259042376405,1,22.627657437922164,3.318404602884704,0.32161526187243356,20.01261654810928,37.407420986495865,0.3015810922810615,0.4062119803801974,1.8409193776551622,1.2030482879607673,0,0,1,19.8,228.961033518492
P15_triggerbot_02,P15,triggerbot,264,13.200000000000001,0.2806535738553644,0.17131687143621074,0.25218763260811156,0.043414488500479395,-0.03742750835548865,-0.045180353078960366,0.058669265259074926,-0.14507690454813968,0.18520145843615943,-0.14202258858424785,0.0,2.6745261251197516,0,0,0.0,0.354581016760988,-0.25209219265762595,0.4350611118523301,0,27.579599209600403,3.421888630403743,0.21632983000916406,23.12388967154496,39.43581773733455,0.5373316259350209,0.6168351129105326,2.147547677974419,1.2030482879607673,0,0,1,19.8,276.70650768072136
P15_triggerbot_02,P15,triggerbot,265,13.25,0.19358435312635966,-0.008382753355926087,0.22594946475525934,0.03769642157581318,-0.08706922072900472,-0.17969962479213683,0.19968225847278195,0.14101299321370703,0.14438477819123183,0.0408166802449276,0.09780440273602231,0.24062868942971427,0,0,0.0,0.3560072717729178,-0.22770077231697858,0.42259770381409395,0,29.315571367232696,3.367298792952287,0.24392870636562686,23.202467317685752,38.97633196342988,0.30778152997058034,0.26104216892163373,1.7378249705701323,1.2030482879607673,0,0,1,19.8,214.81759576102672
P15_triggerbot_02,P15,triggerbot,266,13.3,0.20323154062682103,0.05079951185708971,0.21036692811046348,0.03160681301305142,0.009647187500461358,0.0591822652130158,0.059963395020735756,-0.1397188634520462,0.04336842447537061,0.10101635371586122,0.07268740225702265,2.8519874222134356,0,0,0.0,0.32750956568917516,-0.19389728809707535,0.38060303985821287,1,24.35560983646863,3.7832259450101016,0.3537299111761553,22.90124136988837,38.5152685486897,0.5078299493749077,0.4945099468867869,2.682527832924226,1.2030482879607673,0,0,1,19.8,247.92635659149022
P15_triggerbot_02,P15,triggerbot,267,13.350000000000001,0.12272716968407564,-0.08465070732261591,0.18204065320861532,0.01211042563177352,-0.08050437094274539,-0.13545021917970562,0.15756813007939593,0.09760473505866019,0.04411234637288092,-0.0007439218975103107,0.0,2.7669275629778127,0,0,0.0,0.27148325477290014,-0.15207901480546882,0.3111770948612532,1,25.007983536666753,3.7605054954849715,0.3441084176663228,22.332242281883428,37.66226376438785,0.4027130979144566,0.27060615886946815,2.1462176309543444,1.2030482879607673,0,0,1,19.8,336.3141659034109
P15_triggerbot_02,P15,triggerbot,268,13.4,0.13375948403609234,0.009162697905925707,0.15520320557587006,-0.010483355331061046,0.011032314352016695,0.09381340522854162,0.09445986957717162,-0.06310826050222432,0.08096597438853136,-0.03685362801565044,0.0,2.7224014627326762,0,0,0.0,0.19263759437116457,-0.10397452040236388,0.21890624399046027,0,21.87508070949885,3.518599123507051,0.31148372143767283,20.519951631449125,37.80585932573378,0.37320551188856194,0.3935291067560942,1.8812249505240082,1.2030482879607673,0,0,1,19.8,238.11700536449706
P15_triggerbot_02,P15,triggerbot,269,13.450000000000001,0.13501273741049097,-0.11540282921937865,0.1328544136337977,-0.032976420540130336,0.0012532533743986368,-0.12456552712530436,0.12457183145488943,0.030111961877717808,0.04214883694532805,0.03881713744320331,0.058026262837632,3.0144709769368445,0,0,0.0,0.09759990550096519,-0.051572215245767966,0.11038765754899031,1,27.684750836836326,4.011975658124941,0.31800892950084203,24.828578868996857,38.68113995269883,0.3306288470455461,0.47885471054400885,2.620512434704664,1.2030482879607673,0,0,1,19.8,311.3627165634813
P15_triggerbot_02,P15,triggerbot,270,13.5,0.09723776620571228,-0.023567215047812118,0.118843460376667,-0.054515114458873914,-0.03777497120477869,0.09183561417156653,0.09930120079732516,-0.02527063065756427,0.06299808988019505,-0.020849252934867002,0.0,2.7614160602666225,0,0,0.0,-0.005641480334765729,0.002961839308723482,0.006371718171596107,1,23.625310122927328,3.3839516237788465,0.367328068792553,22.00486157773435,38.532412313561274,0.2908394126348612,0.3240889463545864,1.9413728133139663,1.2030482879607673,0,0,1,19.8,265.3590296917758
P15_triggerbot_02,P15,triggerbot,271,13.55,0.08242943664630517,-0.15864511591617253,0.09956727936866834,-0.07556707700632836,-0.014808329559407116,-0.1350779008683604,0.13588718087937,0.03658598008204483,0.05205201509337684,0.010946074786818208,0.017849174933705726,2.6421633673668867,0,0,0.0,-0.10840867518777084,0.057373465553070414,0.12265461836203706,1,24.8404384966232,3.4984556679363688,0.38369173027521253,23.31468328537199,36.009719344497356,0.304066695357886,0.3168448734948706,2.8162996268289016,1.2030482879607673,0,0,1,19.8,249.49112007473792
P15_triggerbot_02,P15,triggerbot,272,13.600000000000001,0.05623707041535653,-0.055557997005858076,0.07937550423700378,-0.08792077784967894,-0.026192366230948644,0.10308711891031445,0.10636255983195145,-0.029524621047418542,0.07079024295836436,-0.018738227864987522,0.0,2.7835859095085045,0,0,0.0,-0.20206364892631526,0.10941354638163078,0.2297847739716939,1,28.009032621638074,3.959513800714764,0.35381636123627364,24.097651213590908,38.992985560814084,0.3066875882961741,0.3436729046022722,3.334168865063053,1.2030482879607673,0,0,1,19.8,299.40194231293464
P15_triggerbot_02,P15,triggerbot,273,13.65,0.1027062806641412,-0.1689576616299333,0.0649030208394219,-0.0915141987487784,0.04646921024878467,-0.11339966462407525,0.12255150524574758,0.016188945413796132,0.03698576943271487,0.03380447352564949,0.049713469375300426,3.001496257930288,1,1,1100.0,-0.27873429327402843,0.15693099306485306,0.319875198837442,1,33.367624703037656,4.274394472729297,0.248316198293911,28.89303919511508,37.272187563557665,0.2779820688495931,0.3385985663901691,2.4475286788975215,1.2030482879607673,0,0,1,19.8,237.62429623052017
P15_triggerbot_02,P15,triggerbot,274,13.700000000000001,0.029759779000879755,-0.06569874262142468,0.0573950548829598,-0.0881821574518561,-0.07294650166326144,0.10325891900850863,0.1264262490929552,0.0038747438472076096,0.0926163552350003,-0.05563058580228542,0.0,2.915467104329732,0,0,0.0,-0.33197610678235184,0.1979616609974789,0.3865190224287134,0,31.086183031031094,3.925556140135781,0.3008180847128479,27.490509498311564,38.660328248636795,0.24462569721771163,0.3919117005989336,2.8141750400505297,1.2030482879607673,0,0,1,19.8,245.77415158140354
P15_triggerbot_02,P15,triggerbot,275,13.75,0.1079397024938783,-0.13413687662323026,0.050033868398743804,-0.0894137568897861,0.07817992349299854,-0.0684381340018056,0.10390321757780269,-0.022523031515152503,0.031200009658030065,0.06141634557697023,0.0765762710078095,2.904885365413764,0,0,0.0,-0.35731388323385166,0.2308095380682477,0.4253777779984898,1,28.371383706817245,3.9008825584159057,0.39234688650624455,25.95677389567286,39.67599249133281,0.3272081027167941,0.4440523526629097,2.3348075173419893,1.2030482879607673,0,0,1,19.8,217.96003803118643
P15_triggerbot_02,P15,triggerbot,276,13.8,0.008848351532858317,-0.11697356461717777,0.03893965894571527,-0.09895839367933477,-0.09909135096101998,0.017163312006052492,0.10056676943353178,-0.0033364481442709065,0.07745018832696496,-0.046250178668934896,0.0,2.5940457475787992,0,0,0.0,-0.35261787220796104,0.25411684971126536,0.43464322968113484,1,30.037843772897578,4.136201204010442,0.2772472273783517,26.08324413904284,37.8217206593632,0.2214243114194069,0.3520035823538597,2.041736521110306,1.2030482879607673,0,0,1,19.8,284.3965927402509
P15_triggerbot_02,P15,triggerbot,277,13.850000000000001,0.13220412799198064,-0.07749262576817041,0.027402814205328196,-0.11577105748386766,0.12335577645912232,0.03948093884900736,0.12951985221668535,0.028953082783153575,0.018593388837695502,0.05885679948926946,0.09147748766156714,2.6603321946137743,0,0,0.0,-0.3182827938758241,0.2669201828304503,0.41539176794881405,1,23.690880922889068,3.3795868569159957,0.36440848356126415,21.122803473184966,36.42259050346762,0.3236601505739319,0.433443299522642,2.00390182543161,1.2030482879607673,0,0,1,19.8,299.28227623511907
P15_triggerbot_02,P15,triggerbot,278,13.9,0.05291438735000634,-0.15477592542455082,0.019475690307654774,-0.14023095828666715,-0.0792897406419743,-0.0772832996563804,0.11072294873624636,-0.018796903480438998,0.12901084849713376,-0.11041745965943826,0.0,2.678763514279394,0,0,0.0,-0.25719466105148325,0.2686903087018106,0.371945662246062,0,22.916687835563632,5.274678319982999,0.29975607608675026,24.089182133887856,40.43857062749573,0.27737876230785713,0.6420996318202407,2.802961920307951,1.2030482879607673,0,0,1,19.8,260.8879773054474
P15_triggerbot_02,P15,triggerbot,279,13.950000000000001,-0.13274962281072183,-0.2847791386279406,0.019075695228787833,-0.17976691346198748,-0.18566401016072817,-0.13000321320338973,0.22665383321746177,0.11593088448121541,0.04206669190181131,0.08694415659532245,0.23647471641826912,0.16171939234294896,0,0,0.0,-0.17448819725038084,0.25935405876466894,0.3125870419217584,1,24.80443192449903,4.363299857729461,0.29379840224244047,23.53597473403868,38.55776473289739,0.25294242238900866,0.4951446765261459,2.4015186424363955,1.2030482879607673,0,0,1,19.8,260.1857234428816
P15_triggerbot_02,P15,triggerbot,280,14.0,-0.058942757070747864,-0.29095217905408144,0.023112057358024275,-0.21492357945865737,0.07380686573997397,-0.006173040426140846,0.0740645654713596,-0.15258926774610215,0.17080006584272073,-0.12873337394090942,0.0,2.4472843129997743,0,0,0.0,-0.07711524082351716,0.2392973490609729,0.2514159534215722,0,25.52409342177515,3.3237597810292145,0.386714589399715,23.48616609116461,37.416289050576275,0.47410666484709313,0.6223203295547346,3.1321005405438838,1.2030482879607673,0,0,1,19.8,315.4595205027703
P15_triggerbot_02,P15,triggerbot,281,14.05,0.14331118941067708,-0.1823251963474429,0.030572065200065654,-0.2415439813449642,0.20225394648142495,0.10862698270663854,0.2295789194139119,0.1555143539425523,0.10224516324520466,0.06855490259751607,0.18886512550636464,0.5763149171168284,0,0,0.0,0.026739587321283412,0.20934922830679967,0.21105000573978924,0,25.273625494738315,3.8792367045315075,0.4198558882052432,24.222869593061578,39.964834855810196,0.3358943786840502,0.4933573946561728,2.647427998757359,1.2030482879607673,0,0,1,19.8,333.8634774431681
P15_triggerbot_02,P15,triggerbot,282,14.100000000000001,0.13339653229320994,-0.2570151916852013,0.03629619722983925,-0.27665829284701576,-0.009914657117467147,-0.07468999533775841,0.0753451778769638,-0.15423374153694808,0.14265672660853573,-0.04041156336333107,0.0,2.195640137406276,0,0,0.0,0.1283468367390261,0.17074760897268357,0.21360631187023166,0,25.260958393206344,4.175881920551607,0.37438367791625204,25.699163479309565,35.86357844414126,0.45592492707111815,0.42999838231801646,2.642652786408029,1.2030482879607673,0,0,1,19.8,252.16087078940905
P15_triggerbot_02,P15,triggerbot,283,14.15,-0.03889359887003871,-0.3679374462638092,0.03407320866946663,-0.30755546832515884,-0.17229013116324865,-0.11092225457860787,0.2049088476787933,0.12956366980182948,0.1114425510229835,0.03121417558555223,0.07675272900574837,0.8668118659826456,0,0,0.0,0.2191659757617013,0.1250880978864761,0.25235046495783453,0,28.46491848475686,3.9545520163527925,0.3075198026609737,24.553139700417983,34.96922674247499,0.3096811137165311,0.3851667972842105,2.4816706775100275,1.2030482879607673,0,0,1,19.8,267.08202820408366
P15_triggerbot_02,P15,triggerbot,284,14.200000000000001,0.0038057808470041976,-0.3327274027481502,0.030438126263761554,-0.33237456016381806,0.04269937971704291,0.035210043515659005,0.05534423359840496,-0.14956461408038835,0.07792051705289034,0.033522033970093165,0.02226301534481403,3.024040929087184,0,0,0.0,0.291563260366834,0.07425804145752558,0.3008710546344494,1,22.636463737943284,4.706065738303314,0.36958564494582324,25.28210825314096,37.734846673264435,0.5170807821055339,0.48700735041465515,2.7855856156389938,1.2030482879607673,0,0,1,19.8,240.19889642249797
P15_triggerbot_02,P15,triggerbot,285,14.25,0.16745445091810243,-0.40517609652634795,0.028620731285529097,-0.3491143468201758,0.16364867007109823,-0.07244869377819772,0.17896843421733963,0.12362420061893467,0.029737412484715967,0.04818310456817437,0.10347905736355814,1.1063377152861413,0,0,0.0,0.33945338359659316,0.020358511778068238,0.340063330332739,1,21.252117584234682,3.9998582155682887,0.4155309822271021,21.6003206386025,37.39104942388877,0.33327842612003883,0.47284572084170806,3.4914945454441426,1.2030482879607673,0,0,1,19.8,323.71258646896456
P15_triggerbot_02,P15,triggerbot,286,14.3,0.09554019753245653,-0.415749307852746,0.033784858042196914,-0.3623486959108772,-0.0719142533856459,-0.010573211326398053,0.07268736229749677,-0.10628107191984286,0.1403629092854959,-0.11062549680077995,0.0,2.578839278573967,0,0,0.0,0.35881097210043494,-0.03438254167573172,0.3604545364837881,0,29.682111738215326,3.987369346853894,0.3483399837129351,25.007958015420396,33.085156957932575,0.4170921722549968,0.5469718260644191,2.92761686878186,1.2030482879607673,0,0,1,19.8,251.64916115523732
P15_triggerbot_02,P15,triggerbot,287,14.350000000000001,-0.08346858803816525,-0.29025457087155615,0.03925277298064356,-0.360389859093854,-0.17900878557062178,0.12549473698118987,0.21861627185881402,0.14592890956131727,0.07894898814781875,0.06141392113767716,0.16111298975220234,0.7574121107636316,0,0,0.0,0.3480089362899651,-0.08770238484864679,0.35888985503328613,1,23.958951209400233,4.480454811149167,0.25614509790808526,25.652236504818802,37.84455281247103,0.3762459920067528,0.4361857375758532,2.647986997092337,1.2030482879607673,0,0,1,19.8,320.68867233532785
P15_triggerbot_02,P15,triggerbot,288,14.4,-0.029616835975761653,-0.3081393304578888,0.047090106707195614,-0.3615187655731018,0.05385175206240359,-0.017884759586332694,0.05674394968321741,-0.1618723221755966,0.1487419181672474,-0.06979293001942866,0.0,2.8508099625954304,0,0,0.0,0.3079552343024914,-0.13739702973980167,0.3372156136889606,0,34.73038136967337,4.202674471181252,0.43264194936398825,29.39535669184839,35.89693934793463,0.5374746026670452,0.5695642769101972,2.435095837346455,1.2030482879607673,0,0,1,19.8,290.5130185489398
P15_triggerbot_02,P15,triggerbot,289,14.450000000000001,0.1660594015064843,-0.406363670689802,0.05576842247655466,-0.3512592047500726,0.19567623748224594,-0.09822434023191319,0.2189456803163811,0.16220173063316368,0.0956554542090653,0.05308646395818212,0.13947662360298274,0.14457536237017726,0,0,0.0,0.2420165541667179,-0.18141233675444512,0.30246065598262545,0,25.727953382552514,4.6021720034340925,0.3005956782638027,24.40657607805433,35.47086702767769,0.33956527162767763,0.4198950296986033,2.2994461665660526,1.2030482879607673,0,0,1,19.8,335.7097241848326
P15_triggerbot_02,P15,triggerbot,290,14.5,0.13150714836974356,-0.3763204872639017,0.07958183341846285,-0.3416107643653887,-0.034552253136740735,0.03004318342590028,0.045787018544426974,-0.1731586617719541,0.10803383108950933,-0.012378376880444034,0.0,2.8911114337554693,0,0,0.0,0.15573532901682552,-0.21792892303729805,0.26785538672980885,0,29.040952185641864,4.251106705934976,0.3136378182069065,25.01925409164763,35.278967370317126,0.5703844870139261,0.31516650076886443,2.203274777565873,1.2030482879607673,0,0,1,19.8,277.0657062886829
P15_triggerbot_02,P15,triggerbot,291,14.55,0.00764182242455573,-0.21113136402567267,0.0971555522604101,-0.32739876949098784,-0.12386532594518783,0.16518912323822904,0.2064704952474383,0.1606834767030113,0.05977764318799639,0.04825618790151294,0.1195617481773458,0.21169141480889264,0,0,0.0,0.056363871458162434,-0.24543736708201397,0.25182610501277175,1,27.712812200258917,4.087717005879542,0.551244152626893,27.72920535254912,37.641840405580496,0.34608364895817495,0.5802739018537044,3.1381075375904746,1.2030482879607673,0,0,1,19.8,343.3682741279254
P15_triggerbot_02,P15,triggerbot,292,14.600000000000001,0.0486799954447967,-0.25778734155452643,0.10892112027546978,-0.3136910481798405,0.04103817302024097,-0.046655977528853754,0.06213623648091458,-0.14433425876652373,0.1441387698954616,-0.0843611267074652,0.0,3.063566616498797,0,0,0.0,-0.047745214880716015,-0.2628006010168751,0.26710252982485305,0,24.647067376583934,3.8629376293143163,0.4247799397465498,23.134607872118302,36.81635644804412,0.5107375599926797,0.4986631079648554,3.4532775052852136,1.2030482879607673,0,0,1,19.8,306.8754218189356
P15_triggerbot_02,P15,triggerbot,293,14.65,0.22800885756542263,-0.3588738499117171,0.12436552811909465,-0.2976177601813122,0.17932886212062593,-0.10108650835719066,0.20585753073746618,0.1437212942565516,0.08552638250374692,0.058612387391714676,0.14478961606903415,0.3360763761692269,0,0,0.0,-0.14784110804665226,-0.26930091156720537,0.30721323897154834,0,25.83921122615589,3.8277647072483942,0.38587198285445873,25.75496862726547,35.86923664573867,0.2910923208218935,0.4336840920968957,2.3967760392506596,1.2030482879607673,0,0,1,19.8,236.82717221633243
P15_triggerbot_02,P15,triggerbot,294,14.700000000000001,0.20918395658674563,-0.29362008424568303,0.14349919225705055,-0.28541775760136834,-0.018824900978677,0.0652537656660341,0.06791487930089167,-0.13794265143657453,0.11197178675023253,-0.026445404246485615,0.0,2.3649535368285415,0,0,0.0,-0.23551031244441742,-0.26466960689892766,0.3542811144891864,0,27.530210405122826,3.914060202858319,0.3585561820176383,25.464386568092632,38.28866883397946,0.4560536673861587,0.3422713817076062,2.116013687225129,1.2030482879607673,0,0,1,19.8,400.34690508179074
P15_triggerbot_02,P15,triggerbot,295,14.75,0.03440318515918153,-0.19861305503425875,0.165264498047058,-0.276151933001819,-0.1747807714275641,0.09500702921142427,0.19893379215305484,0.13101891285216316,0.04726579255971329,0.06470599419051924,0.15446650559224234,0.7920351443572906,0,0,0.0,-0.3033838497702097,-0.24909812305742135,0.3925450741152198,1,27.62970835209315,3.661133107781708,0.36043004734440814,23.913826295342854,36.931992784265574,0.31626357539574157,0.4480654312100308,1.9710163362902715,1.2030482879607673,0,0,1,19.8,207.2641566172396
P15_triggerbot_02,P15,triggerbot,296,14.8,0.0741688392301665,-0.210608898101725,0.18713563991425103,-0.2669358365765731,0.039765654070984965,-0.011995843067466268,0.04153561718083074,-0.1573981749722241,0.16731767752747514,-0.12005188496776185,0.0,2.93667519134079,0,0,0.0,-0.34575665371949577,-0.22323011091448414,0.4115572208213533,0,31.807331452263057,3.8326843521472584,0.19153004396540746,27.410361257636758,36.75780386681449,0.5577302519359676,0.4693913340612676,1.9782157206266464,1.2030482879607673,0,0,1,19.8,305.67921899242447
P15_triggerbot_02,P15,triggerbot,297,14.850000000000001,0.28426700729933213,-0.2753925366861398,0.21824645516986454,-0.24747817341486816,0.21009816806916562,-0.06478363858441478,0.21985940974690038,0.17832379256606964,0.14872021677291716,0.018597460754557982,0.049065920931459145,0.006116950524392761,0,0,0.0,-0.35906710564729666,-0.18813483071127088,0.40536884547863994,0,23.784003274219504,4.124208996563026,0.3566760375702802,22.840420187784407,36.397745584948474,0.3456801955941284,0.3740129132634423,2.6286795138982653,1.2030482879607673,0,0,1,19.8,285.00677952839527
P15_triggerbot_02,P15,triggerbot,298,14.9,0.3010395449758814,-0.16206845452052626,0.24363087074112896,-0.2209594889165189,0.01677253767654927,0.1133240821656135,0.1145585685088199,-0.10530084123808048,0.06792828780314401,0.08079192896977315,0.11106489275812162,1.722956948389525,0,0,0.0,-0.3421964041210764,-0.1452629539399008,0.37175220884446775,1,27.099977299805595,4.409939901238889,0.31288528677351546,24.012389101439464,37.48956682672239,0.3528994440881505,0.5219042527625328,2.2584802308248246,1.2030482879607673,0,0,1,19.8,320.385831323697
P15_triggerbot_02,P15,triggerbot,299,14.950000000000001,0.19006603641670552,-0.2311305016192633,0.26632962109832703,-0.19443847368555794,-0.1109735085591759,-0.06906204709873702,0.13070840046225665,0.01614983195343675,0.04746153133149139,0.020466756471652622,0.03210212401272305,2.2744111760098136,0,0,0.0,-0.29656260505191967,-0.09638659950312699,0.3118328964027963,1,24.824576579482756,4.9109287541580535,0.3298854096388395,25.689367908269155,37.69105865137032,0.256997373563467,0.4511122867266034,2.5555300213347416,1.2030482879607673,0,0,1,19.8,247.18159328077823
P15_triggerbot_02,P15,triggerbot,300,15.0,0.28501452313701925,-0.18401305971055998,0.2971483421295179,-0.17808114010442885,0.09494848672031372,0.0471174419087033,0.10599654929523708,-0.024711851167019572,0.11950253116107545,-0.07204099982958406,0.0,3.0455530055053766,0,0,0.0,-0.22600142792160674,-0.04352608277126696,0.2301546551864993,0,23.582575329550643,4.154459780131508,0.29100426802938256,22.824699894366542,37.70454349177363,0.30093442521266434,0.4436946263226567,2.2722591046024285,1.2030482879607673,0,0,1,19.8,270.14608834620685
P15_triggerbot_02,P15,triggerbot,301,15.05,0.4889681093016506,-0.056065734938807926,0.33236782426974665,-0.15500771987950432,0.2039535861646313,0.12794732477175205,0.24076458050481986,0.13476803120958278,0.05553057596389385,0.0639719551971816,0.1848261714854707,0.09964021413508789,0,0,0.0,-0.13644384686107294,0.01113359461906938,0.1368973348001695,1,30.13775504353249,3.5760517646745353,0.4164756704222371,29.031701556600346,37.43674617628652,0.2648106485510282,0.4596789981802052,2.376633189929089,1.2030482879607673,0,0,1,19.8,375.702902320763
P15_triggerbot_02,P15,triggerbot,302,15.100000000000001,0.45039204760477636,-0.07263468841060804,0.3648170144712931,-0.12508186245027372,-0.03857606169687421,-0.016568953471800107,0.04198383921453257,-0.19878074129028728,0.1420447823901157,-0.08651420642622185,0.0,2.9870034702327555,0,0,0.0,-0.03541756645380403,0.06533306231097505,0.07431563122546543,0,24.198349947098535,3.5685235275318377,0.3175370343863363,25.429607444510026,36.67372987784922,0.633260546773464,0.46012832022931516,2.6236095021415147,1.2030482879607673,0,0,1,19.8,320.3060065998882
P15_triggerbot_02,P15,triggerbot,303,15.15,0.2830074323297425,-0.17431970124288482,0.40419774644921375,-0.10509105029542062,-0.16738461527503384,-0.1016850128322768,0.19585058403147892,0.15386674481694634,0.056456433522218956,0.08558834886789674,0.20115033734481053,0.14022320408169975,0,0,0.0,0.06858571460681494,0.11683197282144475,0.13547586545757245,1,30.240780058178828,4.598608224475454,0.35533031716403135,29.515419590009696,38.7762320224812,0.30170871366290025,0.5588054687374839,2.5887990269912278,1.2030482879607673,0,0,1,19.8,278.69192277517243
P15_triggerbot_02,P15,triggerbot,304,15.200000000000001,0.3337676319473291,-0.1391391763350849,0.44357310314914045,-0.08637443207723339,0.050760199617586585,0.03518052490779991,0.061759753869373275,-0.13409083016210566,0.18307294997978849,-0.12661651645756952,0.0,3.0814419165827696,0,0,0.0,0.16682406776191425,0.1635016068207071,0.23358733916371593,0,26.353993790822507,4.732974456134148,0.3399402364753586,25.347492904113338,39.34068646848706,0.530019118202692,0.6765880421239685,2.8725241216766086,1.2030482879607673,0,0,1,19.8,319.4327749109097
P15_triggerbot_02,P15,triggerbot,305,15.25,0.5514669875517672,-0.05523133806516467,0.4870801943444881,-0.06730790722900575,0.21769935560443804,0.08390783826992024,0.2333099542533894,0.17155020038401614,0.16930585639656043,0.013767093583228057,0.038543999689260824,0.23817858204721043,0,0,0.0,0.251040131741091,0.203412864236092,0.3231067023156826,0,29.026300302639072,4.430741931578384,0.3522648752732156,25.784592164462815,39.9125845375283,0.3282714519864893,0.3380375514519107,2.3384814105042406,1.2030482879607673,0,0,1,19.8,262.2914840359001
P15_triggerbot_02,P15,triggerbot,306,15.3,0.5191906750836763,0.005481895077269899,0.5407268683380761,-0.0547834285912178,-0.032276312468090845,0.06071323314243457,0.0687594140837853,-0.1645505401696041,0.01074945503833315,0.15855640135822727,0.1308269430795025,1.6915347733484731,0,0,0.0,0.31415517972623586,0.23491600404796217,0.39227414636537766,1,24.55404022834295,3.6767067362827808,0.3411899757408466,22.074666452928334,37.25728030208055,0.4373751903882498,0.6795012624791381,3.021823703286839,1.2030482879607673,0,0,1,19.8,211.56965197500915
P15_triggerbot_02,P15,triggerbot,307,15.350000000000001,0.6519434505175724,-0.06585467650903962,0.5909881189109207,-0.04220160216035072,0.13275277543389608,-0.07133657158630952,0.15070569276271917,0.08194627867893386,0.08618926179598296,-0.07543980675764982,0.0,2.5525080970228817,0,0,0.0,0.35086411715831,0.2567088367147992,0.434747116789457,0,30.20330904222436,4.6372599559214,0.27947725266351214,28.932013757205294,36.298608943394015,0.35435525739377227,0.5268191463552966,2.231581091615442,1.2030482879607673,0,0,1,19.8,263.13406199494125
P15_triggerbot_02,P15,triggerbot,308,15.4,0.6854351052135617,0.06799713813499678,0.6428393568564132,-0.022953641207623436,0.033491654695989234,0.1338518146440364,0.13797825632242514,-0.012727436440294032,0.04385639464575851,0.042332867150224454,0.07009218233420209,1.8187059500434435,0,0,0.0,0.3580813980311591,0.26789055047789406,0.4471997704061335,1,24.08137619297156,3.9505132438922463,0.2919337239802042,25.280024325505202,39.137066787732124,0.2208595452305653,0.3564447907690172,2.3994522554574615,1.2030482879607673,0,0,1,19.8,319.98398927789015
P15_triggerbot_02,P15,triggerbot,309,15.450000000000001,0.7209532206333622,-0.019389597273992476,0.6955153655286354,-0.0066668625950569195,0.03551811541980053,-0.08738673540898925,0.09432909438988041,-0.04364916193254473,0.07534138738460494,-0.03148499273884643,0.0,2.5103598877749302,0,0,0.0,0.33520037846647166,0.26799894662291335,0.429165153658888,1,30.202135884820386,3.5462126044326228,0.31176545589772653,26.494198393994672,40.062561813256956,0.2933214376408699,0.32345046365702235,1.9039043475388644,1.2030482879607673,0,0,1,19.8,317.18374798652343
P15_triggerbot_02,P15,triggerbot,310,15.5,0.8517524839975266,0.0772945372817914,0.7402452302862325,0.007743312669308701,0.13079926336416442,0.09668413455578388,0.16265383232930286,0.06832473793942245,0.03329228797240783,0.04204909941219711,0.08207336598467635,1.8212840062307336,0,0,0.0,0.2841443077728194,0.257029544570232,0.3831477188000414,1,26.237699613926278,3.866918803145691,0.4231576532884348,25.908803737631423,38.65309560296565,0.28191916046506754,0.43712414148545464,2.154823563131875,1.2030482879607673,0,0,1,19.8,253.7716091597553
P15_triggerbot_02,P15,triggerbot,311,15.55,0.7952723519836544,0.024435264852331384,0.7792775569297203,0.01449886432101879,-0.05648013201387214,-0.05285927242946002,0.0773570164501986,-0.08529681587910426,0.09589531581928358,-0.06260302784687574,0.0,3.025837994797151,0,0,0.0,0.2092046709682644,0.23543576708072333,0.3149549091153024,0,23.92304488197077,4.865902704837644,0.2793057591695658,22.76040878371004,39.34473380656427,0.4122819594608553,0.45813325292463786,2.7559622910847157,1.2030482879607673,0,0,1,19.8,319.4319701351603
P15_triggerbot_02,P15,triggerbot,312,15.600000000000001,0.9214653392531527,-0.10638571551771725,0.8133478952791566,0.01541691038822281,0.12619298726949826,-0.13082098037004863,0.18176578044555142,0.10440876399535282,0.020200395606717256,0.07569492021256632,0.16510495497841035,1.5858951289826884,0,0,0.0,0.11668047078129665,0.20411019792148247,0.23510700788639152,1,21.898039651097832,3.648657289148523,0.3399271298111503,21.900795602854245,40.145545589083895,0.31571780019868095,0.42449083515737657,2.5191843621883727,1.2030482879607673,0,0,1,19.8,320.29960088158293
P15_triggerbot_02,P15,triggerbot,313,15.65,0.9202974209550792,-0.011878740781616215,0.848844696593023,0.02087989415838628,-0.001167918298073535,0.09450697473610103,0.09451419103457964,-0.08725158941097177,0.1465274484408999,-0.12632705283418266,0.0,2.386556558225918,0,0,0.0,0.014348769048381792,0.16434768671019706,0.16497287443757802,0,25.08819324684287,3.6048995426712738,0.37030259445085273,24.312364019323933,39.12766162834465,0.37140876857320887,0.5818283438896891,2.6980616533209085,1.2030482879607673,0,0,1,19.8,214.54305704599935
P15_triggerbot_02,P15,triggerbot,314,15.700000000000001,0.7952525085622802,0.17536116805150354,0.8847898427441915,0.024200379368910403,-0.12504491239279894,0.18723990883311975,0.22515553196658916,0.13064134093200952,0.050621053142328454,0.09590639529857145,0.2591262654293741,0.5764520299372693,0,0,0.0,-0.08918900919144836,0.11779182600789034,0.14774841330730212,1,23.09330463822014,3.8955486373457284,0.34644019521452973,21.59934653012127,40.010843260812734,0.2941271368079106,0.569470567331381,2.7303862880630994,1.2030482879607673,0,0,1,19.8,241.36464608880763
P15_triggerbot_02,P15,triggerbot,315,15.75,0.8331099050206691,0.14936453492453855,0.9246394377249887,0.028769609949298634,0.037857396458388766,-0.025996633126964982,0.04592393058684807,-0.1792316013797411,0.19552509390098205,-0.1449040407586536,0.0,2.761348681119312,0,0,0.0,-0.18523006291799202,0.06636701304179268,0.19676065823404018,0,29.692277769877794,4.264978990301588,0.2449802378797228,27.741320441866783,38.54130743780649,0.5678602181720157,0.6209215774382496,3.3292545869259307,1.2030482879607673,0,0,1,19.8,330.82344141424164
P15_triggerbot_02,P15,triggerbot,316,15.8,0.9930434921774283,-0.010031351097157498,0.9608639677657987,0.023026068376677915,0.1599335871567592,-0.15939588602169605,0.2258003560260041,0.17987642543915602,0.17967333880559863,0.01585175509538342,0.0429519833300952,0.18197124180970503,0,0,0.0,-0.2657017234439314,0.012198904302610928,0.2659816142278629,0,19.43384964855109,3.3975112216437346,0.1730707982124914,17.715873906115494,38.35134729442581,0.3488228460633535,0.20942555290103687,1.574689760011757,1.2030482879607673,0,0,1,19.8,309.10719418586365
P15_triggerbot_02,P15,triggerbot,317,15.850000000000001,0.9428418338896565,0.0011078396993920488,0.9298647820713071,0.029550843513297474,-0.050201658287771844,0.011139190796549547,0.051422641573961814,-0.17437771445204228,0.07455400419060824,0.10511933461499039,0.0648661663968001,2.5762296945055647,0,0,0.0,-0.32383999736292524,-0.04247344895619033,0.32661343781028596,1,28.101202262276374,3.338765654821338,0.24459452038728496,22.659876200590404,38.31966259732182,0.5327811230563914,0.5209891326806129,1.8427399818366959,1.2030482879607673,0,0,1,19.8,312.4260195581343
P15_triggerbot_02,P15,triggerbot,318,15.9,0.7761943442313043,0.14461542613725428,0.8955389950082788,0.04868513004342742,-0.16664748965835222,0.14350758643786224,0.21992228894464316,0.16849964737068135,0.06709066345415146,0.007463340736456783,0.019696259735224497,0.49257730415606815,0,0,0.0,-0.35475810964293725,-0.0953901524177553,0.3673589491705801,1,27.22628091103401,3.602325453132612,0.38371461836679743,26.157799164625576,40.536170974180756,0.3440497589034105,0.32994731034421065,1.9599073783059293,1.2030482879607673,0,0,1,19.8,338.9303661506781
P15_triggerbot_02,P15,triggerbot,319,15.950000000000001,0.8202434200841642,0.10815348137423118,0.8668507651630143,0.06382589307526704,0.04404907585285984,-0.0364619447630231,0.057182116954453056,-0.1627401719901901,0.12143119577983788,-0.05434053232568642,0.0,3.122102381902906,0,0,0.0,-0.35585725834261567,-0.1443638819540615,0.3840251537698661,0,22.310553883992014,3.937623141533578,0.34755372846973875,22.78227366481116,39.40829206311371,0.580526303194692,0.39991813218905176,2.094861859922199,1.2030482879607673,0,0,1,19.8,237.17814815599078
P15_triggerbot_02,P15,triggerbot,320,16.0,1.0,-0.004057847250101609,0.8460679747773985,0.09058532518468554,0.18809992750006366,-0.11221132862433279,0.21902731564160488,0.16184519868715183,0.031233759572041928,0.09019743620779595,0.23706842796418137,0.15355826964209218,0,0,0.0,-0.327045055228532,-0.18737029717261508,0.3769165642579106,1,20.076300902030333,3.756772254594568,0.2660106637440171,20.141675407003614,39.272731807964654,0.3083942617363322,0.4338743784610707,2.2591686608067425,1.2030482879607673,0,0,1,19.8,280.8235830084399
P15_triggerbot_02,P15,triggerbot,321,16.05,0.9622848071684419,0.04799555336801292,0.8287076366092561,0.11511567959064768,-0.03771519283155813,0.05205340061811453,0.0642805747192069,-0.15474674092239799,0.20867056154534463,-0.1774368019733027,0.0,2.7356882200770256,0,0,0.0,-0.27074329140841596,-0.22263171799295872,0.35052362502284884,0,21.220028562659273,3.6818745456287707,0.34122089423748847,21.04282370028914,37.301316231002744,0.5057686804544075,0.6811861484564256,2.282553590506984,1.2030482879607673,0,0,1,19.8,298.7477994201652
P15_triggerbot_02,P15,triggerbot,322,16.1,0.7863363875096239,0.16872223284117674,0.8151990528955396,0.13331116116388192,-0.17594841965881802,0.12072667947316382,0.21338410792992896,0.14910353321072206,0.17003814878905008,0.03863241275629456,0.09892251519819267,0.34241571276566773,0,0,0.0,-0.1916843752451056,-0.2486906054622917,0.3139903134784697,0,28.07654918980515,4.500921096261228,0.3087528138955408,25.65587694906957,38.48440803253233,0.32660932018687805,0.4169863509041881,2.5545038821082957,1.2030482879607673,0,0,1,19.8,224.20648376227066
P15_triggerbot_02,P15,triggerbot,323,16.150000000000002,0.7776807336599776,0.08272116330626147,0.8011545605199963,0.14396431265994808,-0.008655653849646271,-0.08600106953491526,0.08643555000527403,-0.12694855792465493,0.028853645576693086,0.14118450321235698,0.14644032224857745,2.0718571530455985,0,0,0.0,-0.09651355283078449,-0.26446980946386733,0.281530009053875,1,28.19913166143471,5.305708741294682,0.26780934773565035,25.782083033477623,41.68648336391245,0.4043873701170953,0.6902686331102509,2.963693048347956,1.2030482879607673,0,0,1,19.8,169.70379831701587
P15_triggerbot_02,P15,triggerbot,324,16.2,0.8220527170419978,0.19419413444819567,0.8003813047281154,0.16286547191244624,0.044371983382020246,0.1114729711419342,0.11997956577878074,0.033544015773506713,0.08329721561242584,-0.054443570035732754,0.0,2.863075055730115,0,0,0.0,0.006769653877630406,-0.2693170929652201,0.26940216178950743,0,27.39882758930018,3.615282381870882,0.2980473577012521,25.491442383480063,37.504281746381054,0.3121030684525866,0.37113958077286047,1.8891658623966678,1.2030482879607673,0,0,1,19.8,327.0045432652362
P15_triggerbot_02,P15,triggerbot,325,16.25,0.7141082958207146,0.15618356941575828,0.8063850020479679,0.1818033565073614,-0.10794442122128318,-0.03801056503243739,0.11444125622730189,-0.005538309551478854,0.019975201403570703,0.06332201420885514,0.0869598102348533,2.2881938402279838,0,0,0.0,0.10948384170545247,-0.26303209238615066,0.2849080434449352,1,26.719297008326485,3.7426753481815713,0.36296655845854575,24.869249766178797,38.66264273096574,0.2020342468450899,0.4203654726873073,2.3347342750092808,1.2030482879607673,0,0,1,19.8,218.55534412910578
P15_triggerbot_02,P15,triggerbot,326,16.3,0.810026030270133,0.20734687910677008,0.8214935223498395,0.1964981101475325,0.09591773444941848,0.051163309691011793,0.10871014690656776,-0.005731109320734132,0.11470330889353351,-0.09472810748996281,0.0,2.9901489839182323,0,0,0.0,0.202995435992184,-0.24587459967347333,0.3188439521117621,0,29.523424933836168,3.960677299704193,0.3453750780362984,28.603264437209447,37.637853586964084,0.2936623163167764,0.535445679247457,2.8996205976347893,1.2030482879607673,0,0,1,19.8,229.08151259610582
P15_triggerbot_02,P15,triggerbot,327,16.35,1.0,0.3474334870231431,0.8280799693160527,0.2184920397700986,0.2074905458903255,0.140086607916373,0.2503529195982761,0.14164277269170833,0.021216958341977024,0.09348635055155649,0.2808549696380409,0.10383498874355074,0,0,0.0,0.27944438012860445,-0.21855382374104396,0.3547603916128339,1,22.868215510403285,5.303131901545664,0.3297009613670646,25.71360372155283,38.73653603815426,0.2651565060150986,0.601016734180068,2.5833985261937378,1.2030482879607673,0,0,1,19.8,289.1264488281165
P15_triggerbot_02,P15,triggerbot,328,16.400000000000002,0.9880056895179703,0.3174764179508546,0.8318464348464774,0.22146702696158593,-0.011994310482029735,-0.029957069072288536,0.03226901720445162,-0.21808390239382447,0.21010276184353183,-0.18888580350155482,0.0,2.545483398837531,0,0,0.0,0.3324048075340878,-0.1821990751559333,0.3790639247665905,0,25.5549150140341,4.009000164748499,0.29712431815149276,23.66678318193311,36.708720746685245,0.6069508353682489,0.6931533953473408,3.132537953916055,1.2030482879607673,0,0,1,19.8,256.8283718064465
P15_triggerbot_02,P15,triggerbot,329,16.45,0.8162814226503707,0.21352780528808046,0.8255405549289216,0.23145566186970587,-0.17172426686759953,-0.10394861266277412,0.20073499422305516,0.16846597701860355,0.18383277845316429,0.02626998339036754,0.0632796595692622,0.6456356865714188,0,0,0.0,0.35742516371818844,-0.1383130858259626,0.38325351579558137,0,28.745273270393536,4.197090389604749,0.31515658164796234,27.376743150935518,41.690825969437256,0.36790495300899845,0.41621084620901755,2.7130504167122487,1.2030482879607673,0,0,1,19.8,290.81002369771085
P15_triggerbot_02,P15,triggerbot,330,16.5,0.7508424655109284,0.3366148218728401,0.8210178413802516,0.25088268283501797,-0.06543895713944234,0.12308701658475965,0.13940111464129212,-0.061333879581763034,0.03765395781231319,0.14617882064085108,0.24452988641140994,1.6264763046210549,0,0,0.0,0.3524023788157207,-0.08870989323013174,0.3633963149949103,1,26.403031201963337,3.7719691750214146,0.31006534814733105,23.8215297954416,39.11407981341875,0.2552926986884955,0.5785748262722891,2.140796384058147,1.2030482879607673,0,0,1,19.8,278.47591978800244
P15_triggerbot_02,P15,triggerbot,331,16.55,0.8391451621428155,0.30232475531884906,0.818376881435025,0.2796441111057682,0.08830269663188713,-0.03429006655399102,0.09472684359113959,-0.044674271050152536,0.08835473512785963,-0.05070077731554644,0.0,2.4298410798130137,0,0,0.0,0.3177586397647926,-0.03543985676149045,0.3197288485458361,0,20.786190274271867,4.121374286045228,0.4168097332961194,23.983578071807084,38.39785232913775,0.2837143461002573,0.48423395804718355,2.5970561510278967,1.2030482879607673,0,0,1,19.8,330.5735372592104
P15_triggerbot_02,P15,triggerbot,332,16.6,0.711815905675862,0.2818828797530051,0.8243430894283749,0.30227414314727674,-0.12732925646695356,-0.020441875565843984,0.12895972173154177,0.034232878140402184,0.014802159242336922,0.0735525758855227,0.11382383662602141,2.612006982413507,0,0,0.0,0.2564059036566308,0.01929509435068728,0.25713087736787926,1,24.948414148803042,4.419285042927957,0.40392130596359566,23.78900189425015,38.17877464066308,0.2765969074671979,0.56257450297471,2.4792665890885783,1.2030482879607673,0,0,1,19.8,249.5109649878623
P15_triggerbot_02,P15,triggerbot,333,16.650000000000002,0.7895052373977638,0.33827617813320054,0.8420369323290156,0.32584974255020965,0.07768933172190187,0.05639329838019548,0.09599914773368286,-0.032960573997858914,0.13744308206246522,-0.1226409228201283,0.0,2.6728916441548454,0,0,0.0,0.173501135064659,0.07323247829285563,0.18832323209216278,0,30.9297019431746,3.877431542897049,0.28734676567098927,27.661485561249975,38.05772123092065,0.3206969830146143,0.5367547740089331,2.136464365801536,1.2030482879607673,0,0,1,19.8,315.90568286986365
P15_triggerbot_02,P15,triggerbot,334,16.7,1.0,0.43454622739950444,0.8478632686547333,0.3591484587541117,0.21379794999013718,0.09627004926630388,0.23447278265445176,0.13847363492076892,0.061978318067752454,0.07546476399471277,0.2123331984744214,0.20479506171455442,0,0,0.0,0.07601284072088674,0.12414278087418845,0.14556573084911045,1,28.071204358363076,5.194427926307727,0.3045574624036422,26.752190852227653,38.17758629240692,0.2843276002430615,0.5256440344913036,2.6633450548593327,1.2030482879607673,0,0,1,19.8,253.43828086611205
P15_triggerbot_02,P15,triggerbot,335,16.75,0.9636601918546296,0.4136384469083692,0.8529108271186103,0.3819931320928038,-0.03633980814537038,-0.020907780491135244,0.04192513495634597,-0.19254764769810578,0.1561955588525055,-0.09421724078475305,0.0,3.0425930867252884,0,0,0.0,-0.027864663812828053,0.1699216130092591,0.17219115557156336,0,23.027589495487295,3.7999075231105066,0.2933398194846451,21.50887384275513,38.79244826524448,0.6245245071087631,0.4844512484007242,2.745371822073996,1.2030482879607673,0,0,1,19.8,218.76159586102744
P15_triggerbot_02,P15,triggerbot,336,16.8,0.7631542009733443,0.3659707476413398,0.8637234715173175,0.39403255580715696,-0.20050599088128535,-0.04766769926702942,0.20609430349405108,0.1641691685377051,0.1018417352446958,0.0543538236078097,0.13442416102428062,0.28868643332102595,0,0,0.0,-0.12940002204226456,0.20867669612566697,0.24554089111686164,0,29.69707159087916,3.8698315387428415,0.34649712639584374,26.19571466768382,37.736907303711206,0.32475041883567807,0.39825310786691764,2.134769716534604,1.2030482879607673,0,0,1,19.8,334.0230475699512
P15_triggerbot_02,P15,triggerbot,337,16.85,0.8136033499270803,0.39877458509512753,0.8624102807028589,0.4052740216374613,0.05044914895373595,0.03280383745378772,0.06017647698104936,-0.14591782651300172,0.1067544692745271,-0.004912734029831306,0.0,2.7984560266116003,0,0,0.0,-0.2200587450667787,0.23880607993477215,0.3247371169025467,0,26.609961911162863,3.8431058506879117,0.2557966755586081,23.544287072953903,38.86547670425397,0.5169873160162038,0.26189628766107775,2.542445851917083,1.2030482879607673,0,0,1,19.8,248.3887584447806
P15_triggerbot_02,P15,triggerbot,338,16.900000000000002,0.9913702410407771,0.48173015196231295,0.8522757442779526,0.4120515609448004,0.17776689111369678,0.08295556686718544,0.19617006308426627,0.1359935861032169,0.040888044371700856,0.06586642490282624,0.1550522487398701,0.13992436175762218,0,0,0.0,-0.29222057252692346,0.259064359415905,0.39052170916293005,1,27.628472351583806,5.192272930751813,0.23588312839951942,25.452643717469186,39.52066730463276,0.2931861962435365,0.4600434363066787,2.9272884519543987,1.2030482879607673,0,0,1,19.8,311.23606034537704
P15_triggerbot_02,P15,triggerbot,339,16.95,0.9259435904472457,0.4538493492569837,0.8482487107119007,0.4233678147463584,-0.06542665059353142,-0.027880802705329204,0.07111951748557872,-0.12505054559868756,0.15456369188457,-0.11367564751286915,0.0,3.1078106834367727,0,0,0.0,-0.33981998866298196,0.26861415391980353,0.433164158698479,0,29.515911137252232,4.400491264036941,0.2598246631252754,25.359040373755168,37.8966111344489,0.5071705259019011,0.535355079898167,2.035216990181204,1.2030482879607673,0,0,1,19.8,344.19761861746224
P15_triggerbot_02,P15,triggerbot,340,17.0,0.724817252195442,0.3650130597883395,0.839793953103586,0.4247307492096847,-0.2011263382518037,-0.08883628946864425,0.21987198608539404,0.14875246859981534,0.09093763183170464,0.06362606005286536,0.1678750582873447,0.013090740290602199,0,0,0.0,-0.35885605532125486,0.26706072049065804,0.44732437544775144,0,31.6574622839705,3.834713255530399,0.2659674062249043,26.60221807494299,37.33563662196645,0.2840007217806879,0.40942805748031813,2.130839126491059,1.2030482879607673,0,0,1,19.8,325.9216561583308
P15_triggerbot_02,P15,triggerbot,341,17.05,0.7716014091164414,0.40055593677493917,0.8334901796656395,0.42330994042331865,0.0467841569209994,0.03554287698659969,0.05875417809222808,-0.16111780799316597,0.12332206394928615,-0.032384432117581505,0.0,2.9078247930632304,0,0,0.0,-0.3477287082242315,0.25446827065712757,0.43089367052037547,0,32.83771708213861,3.846396387993207,0.223985354530564,28.481209566904475,38.5060265276905,0.5318775865588372,0.28937010263565266,2.1675978676358847,1.2030482879607673,0,0,1,19.8,252.86792280263182
P15_triggerbot_02,P15,triggerbot,342,17.1,0.9472855691168502,0.468159609255579,0.8329534316935684,0.4219931254011515,0.17568416000040893,0.06760367248063982,0.1882423454165372,0.12948816732430912,0.06498941244926063,0.05833265150002552,0.13176810159276348,0.28235642111913895,0,0,0.0,-0.30737324933912213,0.23135731623401004,0.38471355861769924,1,31.763241225554495,4.692504386867537,0.4132700928439989,28.503629159468257,36.86411485722241,0.2577669642983552,0.5610315398432505,3.4256093522004654,1.2030482879607673,0,0,1,19.8,123.40227595989217
P15_triggerbot_02,P15,triggerbot,343,17.150000000000002,0.8721140562657217,0.4447506289181017,0.8376168753837085,0.42719125284977083,-0.07517151285112852,-0.0234089803374773,0.07873205639869811,-0.10951028901783909,0.11707104087573048,-0.05208162842646985,0.0,3.076145387302471,0,0,0.0,-0.24118173067559742,0.19868315384646631,0.31247979588135777,0,25.777540884445212,3.3163704948949797,0.42395268210360554,26.625172600918916,38.827092260646914,0.46611492334785093,0.44992620117680576,2.2452561004229694,1.2030482879607673,0,0,1,19.8,283.27709066107985
P15_triggerbot_02,P15,triggerbot,344,17.2,0.6435274542652885,0.39748150871793814,0.83939256322734,0.43780532655555887,-0.2285866020004333,-0.04726912020016356,0.23342280166813612,0.154690745269438,0.03345046085733354,0.08362058001839694,0.2342274007801053,0.0979748485509706,0,0,0.0,-0.15471783754685098,0.15779637752394768,0.22099164240951283,1,30.20744072592333,3.9550584762501524,0.31136960846497114,27.88369216019998,38.77739784341106,0.28662862637114195,0.48604095391723834,3.0570901558730323,1.2030482879607673,0,0,1,19.8,271.4433617505686
P15_triggerbot_02,P15,triggerbot,345,17.25,0.6674237784220641,0.40900822441948026,0.8466988442139334,0.4527282571569641,0.023896324156775704,0.011526715701542144,0.02653110406805341,-0.2068916976000827,0.2105488468426017,-0.17709838598526817,0.0,2.8960681913080326,0,0,0.0,-0.05524923659709837,0.11038705158484773,0.12344140027623628,0,28.735798539713667,3.6359435360984476,0.3282357775674248,25.0018684213926,37.09879680982521,0.6314969422482362,0.6871958924089188,2.3880700838501436,1.2030482879607673,0,0,1,19.8,234.63676804363152
P15_triggerbot_02,P15,triggerbot,346,17.3,0.8451601983609425,0.4974532508145792,0.8521042501284857,0.4629479994834694,0.17773641993887832,0.08844502639509894,0.19852646591001172,0.1719953618419583,0.19239640319834495,0.01815244364425675,0.04324488581189936,0.012302005484814749,0,0,0.0,0.04886330322014985,0.058414851438574424,0.07615718790879182,0,20.604435479080408,4.735829694464971,0.3492966935201378,22.189919520833264,39.514606476051256,0.31860649877058445,0.3881190028010928,2.72371520137239,1.2030482879607673,0,0,1,19.8,344.97781250630004
P15_triggerbot_02,P15,triggerbot,347,17.35,1.0,0.3990414444785732,0.8653119899106211,0.47530477158779805,0.21084495379083673,-0.098411806336006,0.232681065334882,0.034154599424870286,0.02994411185393306,0.1624522913444119,0.4535948665933247,0.8984362785956839,0,0,0.0,0.14886866967185342,0.004028059951027114,0.1489231549385,1,33.33245985045524,3.977768895208825,0.32105720424947926,27.591475206716673,37.80452879893029,0.19008474571864342,0.6473845134912184,2.9189186339528246,1.2030482879607673,0,0,1,19.8,245.52953281619
P15_triggerbot_02,P15,triggerbot,348,17.400000000000002,0.9580368130014438,0.4511484556824867,0.8815964375195019,0.48564086508296145,-0.04196318699855617,0.0521070112039135,0.06690328601556549,-0.16577777931931653,0.14669309205647332,-0.11674898020254026,0.0,2.6854722145324463,0,0,0.0,0.23636097632721567,-0.05052523232253822,0.24170086932322166,0,28.69240544206819,3.428298092097287,0.22197556460563433,22.737562466595808,41.127190773020054,0.5295528025149691,0.482493718548475,1.9163688379323889,1.2030482879607673,0,0,1,19.8,217.68589539716152
P15_triggerbot_02,P15,triggerbot,349,17.45,0.8291641281918529,0.6000169119414414,0.9004877758249054,0.5044896937935525,-0.1288726848095909,0.1488684562589547,0.19690095520072134,0.12999766918515587,0.07846769630343448,0.06822539575303885,0.16120374711264704,0.035547240207007835,0,0,0.0,0.3039861139078344,-0.10299005247852645,0.32095873310803763,1,22.21199849056986,3.5564894432720613,0.27306904524292513,21.039192003615625,37.50827569254126,0.23828385819757797,0.409220657989651,2.2089953365717285,1.2030482879607673,0,0,1,19.8,276.9124356566721
P15_triggerbot_02,P15,triggerbot,350,17.5,0.9013912742042532,0.5664863544255376,0.9284743526951085,0.5216250319610226,0.07222714601240034,-0.03353055751590368,0.07963076609215763,-0.11727018910856371,0.12652196464547724,-0.048054268342042766,0.0,2.7189547663891505,0,0,0.0,0.34605989518917807,-0.1511977550894519,0.3776482651918777,0,29.779800501069598,4.079498329256508,0.1580783176416514,23.854138877387168,38.860753336349944,0.4337977776099474,0.3417735809165612,2.1389037015102437,1.2030482879607673,0,0,1,19.8,276.6073202981695
P15_triggerbot_02,P15,triggerbot,351,17.55,1.0,0.47437635678331014,0.96140084018254,0.5399622211223237,0.21183380551321784,-0.0921099976422275,0.23099310124733805,0.1513623351551804,0.06561004234405747,0.06091192230141977,0.16884280602410215,0.024470140120286032,0,0,0.0,0.359045835683329,-0.19315566366225986,0.40770457751458733,1,34.11989589107325,3.466951566273817,0.2974683614248224,26.07868210292781,39.56804324703172,0.2773238418795042,0.3848393580833247,2.3950174334920793,1.2030482879607673,0,0,1,19.8,272.1073031541876
P15_triggerbot_02,P15,triggerbot,352,17.6,0.9824739620379804,0.5393055753935067,0.9287129304374464,0.5288316707509653,-0.01752603796201952,0.06492921861019649,0.06725299573979464,-0.16374010550754342,0.08970634038980885,-0.024096298045751377,0.0,2.244598826070692,0,0,0.0,0.34185241055652754,-0.22712943838022645,0.4104276457333567,0,23.854154555678882,4.265180812521719,0.3829731698701022,22.7257675009623,38.76202383211985,0.5150264816379331,0.3647463011437973,2.876248216628305,1.2030482879607673,0,0,1,19.8,290.061791128548
P15_triggerbot_02,P15,triggerbot,353,17.650000000000002,0.7942145474366972,0.5616573875354267,0.8991622864522235,0.5277877890501295,-0.18825941460128323,0.022351812141920037,0.18958167288017463,0.12232867714038,0.08410407059802807,0.005602269791780773,0.012745052148622399,1.188978695684098,0,0,0.0,0.29592480204349364,-0.25171476543882854,0.3884994357838958,0,29.81078400480705,4.159330791534914,0.3446895197517394,26.845873585748766,39.505096572629164,0.3429668062664515,0.3201183111644955,2.4500908761957128,1.2030482879607673,0,0,1,19.8,239.1298003880715
P15_triggerbot_02,P15,triggerbot,354,17.7,0.8605651548928441,0.5258548038247989,0.8776201764132845,0.5358315020003757,0.06635060745614695,-0.035802583710627785,0.07539382010586951,-0.11418785277430513,0.08731251518911651,-0.003208444591088433,0.0,2.7649471584867245,0,0,0.0,0.22512342558888127,-0.26589540468036765,0.34839765065081746,0,33.91401307698887,3.630781531471023,0.1209988715626582,26.07554463963692,39.497277417237946,0.4272520413934725,0.14286776428492937,2.162642705607915,1.2030482879607673,0,0,1,19.8,214.24177541705876
P15_triggerbot_02,P15,triggerbot,355,17.75,0.9934242786955029,0.6558066399596773,0.8689016186901851,0.540336062160974,0.1328591238026587,0.1299518361348784,0.18584678230315552,0.11045296219728601,0.016709382742741197,0.07060313244637531,0.15745637982818844,1.2691573730702965,0,0,0.0,0.13539944512256435,-0.26908519611499615,0.30123056370120255,1,30.558750015068323,4.372053071076037,0.30423931670520604,26.44000917055674,39.14218289636445,0.3448577139238384,0.4402094566018056,3.127369106753319,1.2030482879607673,0,0,1,19.8,276.2865090671656
P15_triggerbot_02,P15,triggerbot,356,17.8,0.9328520882390046,0.6198790554161346,0.865567804038597,0.54922013656947,-0.06057219045649828,-0.03592758454354267,0.0704257168073688,-0.11542106549578672,0.16645708400858966,-0.14974770126584847,0.0,2.902614042201068,0,0,0.0,0.03429455182250269,-0.2611522889789276,0.26339444626574726,0,23.800082445156796,4.5725340111169945,0.34312660684335794,23.484519343042003,38.679553272100456,0.44071363808381875,0.7473297962994843,2.474791165816259,1.2030482879607673,0,0,1,19.8,295.59256346194337
P15_triggerbot_02,P15,triggerbot,357,17.85,0.7716221154024611,0.49812574228841655,0.865696698320315,0.5575318641774996,-0.1612299728365435,-0.12175331312771806,0.20203705946793207,0.1316113426605633,0.09163524786062491,0.07482183614796475,0.18140140511191472,0.11143328221843962,0,0,0.0,-0.06969294786202376,-0.24242459181613843,0.25224351269937567,0,31.784692823940524,3.718457291043884,0.4291652423584341,28.089324104943707,37.93330264438277,0.26887293761953523,0.47305631328552883,2.4114746042644857,1.2030482879607673,0,0,1,19.8,311.90142473286653
P15_triggerbot_02,P15,triggerbot,358,17.900000000000002,0.8236171122155042,0.5256175710919503,0.8686307929150677,0.567089348154315,0.05199499681304312,0.027491828803533715,0.05881564710645604,-0.14322141236147604,0.11902378941527572,-0.027388541554650814,0.0,2.9811758994318525,0,0,0.0,-0.16782245186550138,-0.2136762183031633,0.27170186163972015,0,27.832947709950158,4.084898609111065,0.2585668818748199,25.307374165431067,37.80073543643331,0.49646123002628817,0.2959488103762241,2.353301375876223,1.2030482879607673,0,0,1,19.8,296.35537760597055
P15_triggerbot_02,P15,triggerbot,359,17.95,0.9623955002702228,0.6798623597528388,0.8675937557869308,0.5844565623452898,0.13877838805471862,0.15424478866088853,0.20748709796059184,0.1486714508541358,0.07345728058891682,0.045566508826358904,0.11345355216692282,0.35175715153879367,0,0,0.0,-0.25184574816261823,-0.1760954890819364,0.3073042501212687,1,26.116138650585995,3.686738933066458,0.26539368019561094,23.70904860560776,38.08552987459579,0.30734736330358986,0.38953381300590406,1.8679111721151136,1.2030482879607673,0,0,1,19.8,233.8342278294742
P15_triggerbot_02,P15,triggerbot,360,18.0,0.9031689107174516,0.654278895088266,0.8669491836701473,0.6003645553949192,-0.05922658955277112,-0.025583464664572887,0.06451590946654837,-0.14297118849404347,0.1242171495818992,-0.05075986899298238,0.0,2.7112116225206204,0,0,0.0,-0.3147003128981626,-0.13123581225231065,0.3409679242329477,0,23.39164436823843,3.8869087949575185,0.420007346087981,23.712640125326285,38.08939249513884,0.48767015962560506,0.43294414845654566,2.760074938878793,1.2030482879607673,0,0,1,19.8,254.99757971034876
P15_triggerbot_02,P15,triggerbot,361,18.05,0.7624325992388146,0.5135980476389498,0.8621988151569687,0.6105358305863289,-0.14073631147863702,-0.14068084744931617,0.19899198528501016,0.1344760758184618,0.05993333314822172,0.06428381643367748,0.15350357104601572,0.37745077361720236,0,0,0.0,-0.35110294626426414,-0.0809514728903699,0.36031433476697405,1,26.790244580844057,3.921871505218475,0.3399343099456091,24.506218966870918,38.216692505363234,0.2722621036054169,0.45864900313422463,2.3876316308881034,1.2030482879607673,0,0,1,19.8,202.68267114829342
P15_triggerbot_02,P15,triggerbot,362,18.1,0.7952509073191447,0.5675656975084679,0.8525085911990384,0.6179489706603482,0.03281830808033018,0.05396764986951811,0.06316287341226935,-0.13582911187274083,0.13785064186660909,-0.07791730871838737,0.0,2.90235952639232,0,0,0.0,-0.35799384844502313,-0.027320985747687456,0.359034861520025,0,30.95118160777658,4.147665305743347,0.22141509831792633,25.951159271629464,35.195387815429385,0.47865718883945435,0.4401186731131556,2.6541866719315914,1.2030482879607673,0,0,1,19.8,231.08326052285824
P15_triggerbot_02,P15,triggerbot,363,18.150000000000002,0.9234084707900476,0.7374990455052203,0.8464695417306671,0.6261959688601251,0.12815756347090287,0.16993334799675242,0.21284196916065182,0.14967909574838245,0.07785150756247528,0.05999913430413381,0.15324400671871508,0.09979850766890097,0,0,0.0,-0.3347938091121137,0.027438820634831388,0.33591633407387156,1,24.059501019133204,3.9067868602169975,0.3856812736772571,22.571889179526448,37.94095085831015,0.30553592089833825,0.43105908050500297,2.615130611200679,1.2030482879607673,0,0,1,19.8,195.02514710349703
P15_triggerbot_02,P15,triggerbot,364,18.2,0.8919061699521283,0.6907990795067043,0.8411081786285637,0.6340824484308463,-0.03150230083791924,-0.04669996599851603,0.0563318895683903,-0.15651007959226151,0.13216781242159165,-0.05431630485911637,0.0,3.088884710437049,0,0,0.0,-0.2834528925745021,0.0810644370453117,0.29481686733008605,0,28.107271395058685,4.302403644818255,0.3115181418310335,25.309664108311047,36.82115764164577,0.5512031304665417,0.4745209403995303,2.1706225354487385,1.2030482879607673,0,0,1,19.8,330.3346545029004
P15_triggerbot_02,P15,triggerbot,365,18.25,0.7787104463885931,0.535868656451262,0.8479473469724905,0.6332370285600263,-0.11319572356353522,-0.15493042305544222,0.19187680376014862,0.13554491419175832,0.07242767307419926,0.05974013934739239,0.13755296392996252,0.03753133116506557,0,0,0.0,-0.2082865263835319,0.13133923627566838,0.24623824247747053,1,29.160555964545456,3.9654178637373203,0.34785347219875684,25.921344444984825,38.057864893709564,0.25818334901281514,0.4631956885086424,2.182389015538794,1.2030482879607673,0,0,1,19.8,274.2580045194009
P15_triggerbot_02,P15,triggerbot,366,18.3,0.8196187587590154,0.586030769473113,0.84991137172072,0.6326109047369811,0.0409083123704222,0.05016211302185091,0.06472810520796189,-0.12714869855218675,0.12011925062839354,-0.04769157755419429,0.0,3.0884422758592556,0,0,0.0,-0.1156127708597039,0.17618509791789835,0.2107308746107172,0,23.939433656590328,3.664360055552936,0.3130464732146542,22.987811508723087,40.20252489079271,0.5172687388670362,0.3774313903074385,2.353191195773041,1.2030482879607673,0,0,1,19.8,290.6428760634701
P15_triggerbot_02,P15,triggerbot,367,18.35,0.947603922940223,0.7690199019795818,0.846959518726181,0.6294693156986529,0.12798516418120762,0.1829891325064689,0.2233052280309637,0.1585771228230018,0.051326644676722676,0.06879260595167086,0.1843409827065851,0.07380174694556141,0,0,0.0,-0.013221258616646787,0.2137483079498394,0.2141568136455799,1,30.996811013022366,3.475211491756131,0.3990029733231747,27.84128277643621,37.422374902047814,0.32658888908810235,0.463510903257798,3.2980109359813117,1.2030482879607673,0,0,1,19.8,230.80672203946818
P15_triggerbot_02,P15,triggerbot,368,18.400000000000002,0.9192707444243378,0.7443599322966515,0.8392686225889666,0.6395983563634443,-0.028333178515885224,-0.024659969682930244,0.037561723996324486,-0.1857435040346392,0.16877936417662823,-0.11745271949990554,0.0,2.8973231820506418,0,0,0.0,0.09028155797284086,0.24247618243138055,0.25873820505773704,0,22.974049778929317,4.410128878338355,0.23838861886795518,24.26849958823211,37.66906188156242,0.5919557856356685,0.599186112250982,2.3695525591214914,1.2030482879607673,0,0,1,19.8,290.5371070669494
P15_triggerbot_02,P15,triggerbot,369,18.45,0.7667737027529141,0.6061115384997723,0.8248451187253277,0.6433974958382463,-0.15249704167142364,-0.13824839379687928,0.20583480295118445,0.16827307895485996,0.13823752154992888,0.030541842626699345,0.07543888990599294,0.02023583673628071,0,0,0.0,0.1861958165674766,0.2611812480527665,0.32075617911683346,0,17.842941842751195,3.5311946243393613,0.3773677612073699,18.78485448257076,39.85975696980547,0.3476207172719332,0.38077516929539146,3.1670432164276754,1.2030482879607673,0,0,1,19.8,365.6221712098186
P15_triggerbot_02,P15,triggerbot,370,18.5,0.8161245547313608,0.6576840770766691,0.8115223563764353,0.6546689275160559,0.049350851978446714,0.051572538576896795,0.07138090309224215,-0.1344538998589423,0.06603228020594606,0.07220524134398282,0.06184890402152153,3.070614628317728,0,0,0.0,0.2664595061627912,0.26909032661744486,0.3786954875669919,1,37.6881427846135,4.130142787339562,0.32577061034745697,29.727806426668472,39.73730106632523,0.5304429760175853,0.48517252305487835,2.5253609195587536,1.2030482879607673,0,0,1,19.8,216.05542236161637
P15_triggerbot_02,P15,triggerbot,371,18.55,0.6818551280741698,0.6889491394599306,0.8040966436061022,0.6570989670360841,-0.13426942665719094,0.03126506238326154,0.13786146329079788,0.06648056019855572,0.01204213435387235,0.053990145852073713,0.0893179261254058,2.105408015996209,0,0,0.0,0.3243261142145809,0.26587649454092593,0.4193777994969457,1,28.08318345000357,3.563850001647933,0.2860777912103176,23.344669961244662,38.92049055189264,0.2892947272167409,0.3635904345890756,2.3490178074383605,1.2030482879607673,0,0,1,19.8,303.27814673892243
P15_triggerbot_02,P15,triggerbot,372,18.6,0.7863752107922369,0.6736538196517733,0.7922811163611347,0.6590534078276118,0.1045200827180671,-0.01529531980815735,0.10563330203787724,-0.032228161252920634,0.11440128346738311,-0.10235914911351077,0.0,3.0581232854395015,0,0,0.0,0.3549317003896584,0.251672596312465,0.4351041342898861,0,25.06802509282197,4.331231031159026,0.32013632666843606,24.996359659607798,36.05432984459749,0.3164492934796346,0.5699891959359982,2.158932908432061,1.2030482879607673,0,0,1,19.8,213.68124324807192
P15_triggerbot_02,P15,triggerbot,373,18.650000000000002,0.6525960884795005,0.7206819651757651,0.7759339315956457,0.67698705663256,-0.1337791223127365,0.04702814552399178,0.14180444294235586,0.03617114090447862,0.01096041878904508,0.10344086467833803,0.17602049031824807,2.948857473168874,0,0,0.0,0.3557037319264028,0.2270657533374944,0.4220000014752299,1,31.15129999866604,3.691517697503676,0.39389029525947494,28.615150658308945,39.993852970428776,0.3080772309778237,0.5430632638194949,2.8809015729910397,1.2030482879607673,0,0,1,19.8,303.1482771541871
P15_triggerbot_02,P15,triggerbot,374,18.7,0.7651235135542676,0.7069329723949639,0.7544137328406316,0.6990866078766259,0.1125274250747671,-0.013748992780801255,0.11336426331275587,-0.028440179629599993,0.10408262179695163,-0.09312220300790655,0.0,2.9251311493527137,0,0,0.0,0.32657731621305613,0.1930730951390745,0.3793810268470269,0,31.583240125811365,3.9695532893641223,0.4763904762418014,28.228164721650355,36.65710299657364,0.28649447483208196,0.617777990968166,2.43779828746506,1.2030482879607673,0,0,1,19.8,222.69681460136698
P15_triggerbot_02,P15,triggerbot,375,18.75,0.658469160078356,0.7511818298569957,0.7327177828715501,0.7181093746678098,-0.10665435347591154,0.04424885746203172,0.11546909760650198,0.0021048342937461106,0.03427890530406843,0.0698037164928832,0.09672206583615986,2.869904882209889,0,0,0.0,0.2700006552942631,0.15109971607474157,0.3094050388361492,1,29.624205235428583,3.8770696433914518,0.3025898509653924,30.062805955124624,36.002203031450804,0.2541485085728439,0.4167087177166688,2.3881319675559363,1.2030482879607673,0,0,1,19.8,337.3448350497076
P15_triggerbot_02,P15,triggerbot,376,18.8,0.7809019466789022,0.7256423500156596,0.7158640635229314,0.73955453415076,0.12243278660054618,-0.025539479841336116,0.12506819046160736,0.009599092855105379,0.05856081408973395,-0.024281908785665524,0.0,2.953974976059419,0,0,0.0,0.19072926383078545,0.10288059543754323,0.21670733489897567,1,25.152943533156453,3.619626125845995,0.3519624430498481,24.803766658240782,36.86348666274554,0.26923224421186503,0.3238101704637991,2.847795363006184,1.2030482879607673,0,0,1,19.8,321.47577411343235
P15_triggerbot_02,P15,triggerbot,377,18.85,0.6641408178170848,0.7841584940260032,0.7049333292165497,0.75375805522108,-0.11676112886181744,0.058516144010343635,0.13060359996158302,0.005535409499975663,0.08100446727396801,-0.02244365318423406,0.0,2.8826674430524024,0,0,0.0,0.09542624738882496,0.050408881687286265,0.10792230558914152,0,30.798139069583648,3.678492051961539,0.3359320569573308,27.2934703229974,38.4658527071144,0.2407004766392998,0.3548654279759621,2.773193027688568,1.2030482879607673,0,0,1,19.8,204.2760480024931
P15_triggerbot_02,P15,triggerbot,378,18.900000000000002,0.7464151001785515,0.741031049223811,0.6986423921090019,0.7690946142380568,0.08227428236146668,-0.043127444802192175,0.09289259407111247,-0.03771100589047055,0.037646767495847215,0.043357699778120797,0.04833131046415366,3.1233561986909906,0,0,0.0,-0.0078977605911697,-0.004146494800228548,0.008920092010946724,1,25.121091037084234,3.92337609097006,0.41800019705899916,25.00075721016345,36.70588186171717,0.3288339326796387,0.4271377917869151,2.7298289772872564,1.2030482879607673,0,0,1,19.8,350.58949494272775
P15_triggerbot_02,P15,triggerbot,379,18.95,0.6672655578552497,0.8610483675682916,0.6959229397388167,0.7900106916455506,-0.07914954232330186,0.12001731834448062,0.14376650080108563,0.05087390672997316,0.07034531709810819,-0.03269854960226098,0.0,2.6366226008970846,0,0,0.0,-0.11055792741001497,-0.058530474969953464,0.1250954508101973,1,21.528475852828507,3.4736882635772766,0.27912344315385906,21.528920658047316,39.91019644596639,0.3364339543715899,0.28204753895195,1.7423165556405744,1.2030482879607673,0,0,1,19.8,287.47783165523333
P15_triggerbot_02,P15,triggerbot,380,19.0,0.7128509863109568,0.7943036121387753,0.6980165543326637,0.8061098947155388,0.045585428455707115,-0.06674475542951626,0.08082631789730578,-0.06294018290377985,0.06295918982759059,0.007386127270517601,0.00716392164956178,3.1253936661181303,0,0,0.0,-0.2039252191081871,-0.11049508447309858,0.23193675577846498,1,27.63646597008779,3.6394977626626948,0.43586233463566854,24.211160746897402,37.27623776499512,0.422074545566214,0.32122711461595993,2.8791975805114047,1.2030482879607673,0,0,1,19.8,303.7400537175201
P15_triggerbot_02,P15,triggerbot,381,19.05,0.6778507079350834,0.9111097924952913,0.7007316272836074,0.8181612558393042,-0.03500027837587338,0.11680618035651599,0.12193729230989006,0.04111097441258428,0.026759410049087058,0.036199779778503534,0.0529692375408604,2.833510130627554,0,0,0.0,-0.2801517083372738,-0.15789235420474687,0.32158198830253254,1,28.864349764586965,3.8350276441062765,0.2971870542858387,23.974013172153665,38.664717278148444,0.3033015707179402,0.3244154467625946,2.915264597796421,1.2030482879607673,0,0,1,19.8,271.011997246711
P15_triggerbot_02,P15,triggerbot,382,19.1,0.709433013782593,0.8074060084669784,0.7013772623954954,0.8282981956224886,0.03158230584750961,-0.10370378402831289,0.1084062584191365,-0.013531033890753566,0.08608867138829776,-0.0593292613392107,0.0,3.1371028540671184,0,0,0.0,-0.3328302268200746,-0.19876310710160286,0.3876631690395485,0,22.057462644611064,4.322451270797679,0.32164200005588817,22.05581873608159,39.54555957026571,0.2811337377122594,0.48275571340447093,2.210686774585676,1.2030482879607673,0,0,1,19.8,252.76846423275904
P15_triggerbot_02,P15,triggerbot,383,19.150000000000002,0.7252036215127882,0.9171357786141487,0.7076763526684945,0.8343514249557876,0.01577060773019507,0.1097297701471703,0.11085727096014276,0.00245101254100627,0.027002617058818162,0.059086054329479595,0.07860142481722603,2.7032278879429343,0,0,0.0,-0.35753291573841495,-0.231417941177264,0.425892063010261,1,33.82817284254943,4.646113549080501,0.2509401202821808,30.37363420920201,37.565774564683245,0.22512582285543722,0.41877989172086,2.2449675529218607,1.2030482879607673,0,0,1,19.8,306.7890666423015
P15_triggerbot_02,P15,triggerbot,384,19.200000000000003,0.6951916329917401,0.8050046779721727,0.7109358965038929,0.8410661477296376,-0.03001198852104804,-0.1121311006419761,0.11607800474753385,0.005220733787391088,0.07739610274319518,-0.050393485684377015,0.0,3.0228165233312825,0,0,0.0,-0.3521834065437806,-0.2545070613425046,0.43451927013422464,1,23.51193968995458,3.7041551803219024,0.2494681520455458,21.607319654291434,38.06408064579772,0.30109697074648956,0.35750431941004246,2.116279747618103,1.2030482879607673,0,0,1,19.8,256.957288244031
P15_triggerbot_02,P15,triggerbot,385,19.25,0.7238053835933749,0.9146787813438726,0.7015808157845361,0.8426979708155643,0.028613750601634756,0.10967410337169994,0.11334529400852458,-0.0027327107390092698,0.038230955809885774,0.03916514693330941,0.05327022112851624,3.135280760645398,0,0,0.0,-0.31723134877345543,-0.2670760734962394,0.41468705993651933,1,25.93881492074007,3.8953393450053517,0.40502520147062876,24.250412224671592,39.66272562862554,0.29766073779896796,0.39296052697097816,2.4765955316886026,1.2030482879607673,0,0,1,19.8,293.26477736578875
P15_triggerbot_02,P15,triggerbot,386,19.3,0.7069586776645561,0.8042885063424619,0.7092498925696368,0.8530840924188775,-0.016846705928818782,-0.11039027500141074,0.11166836756906222,-0.0016769264394623645,0.06329113699965448,-0.02506018118976871,0.0,3.0378254372540106,0,0,0.0,-0.25561461504931293,-0.2686054346255679,0.37079335341561703,1,26.95401927855998,4.02093460153084,0.27211194662741367,23.88198424440404,38.317473555406416,0.26532339777957525,0.3530542619420736,2.7441923389115774,1.2030482879607673,0,0,1,19.8,344.88076757736013
P15_triggerbot_02,P15,triggerbot,387,19.35,0.753462023825475,0.9126507823273546,0.7265096187727822,0.8693470837261985,0.04650334616091885,0.10836227598489276,0.11791922684951894,0.006250859280456725,0.06793274460385784,-0.00464160760420336,0.0,2.8876564797151474,1,0,5700.0,-0.172512360093744,-0.2590319282358882,0.31122026642028944,1,26.082089977631068,3.7692179214276567,0.35693283008431587,23.828270242739322,37.237017364280995,0.24295608658672732,0.33880045532288006,2.419523970755461,1.2030482879607673,0,0,1,19.8,280.0034611771527
P15_triggerbot_02,P15,triggerbot,388,19.400000000000002,0.7201042084551297,0.806753008688159,0.7421258006446333,0.8857338230027874,-0.03335781537034535,-0.10589777363919566,0.11102739440345509,-0.006891832446063853,0.029206722775523147,0.03872602182833469,0.05159579159053592,3.0413755100896447,0,0,0.0,-0.07490969022736911,-0.23875127741926966,0.25022716511061194,1,25.079248541093353,4.193952594757407,0.20614760449469072,22.050309308459735,37.798514029221614,0.27002658657674516,0.2945097147540427,2.745020346258311,1.2030482879607673,0,0,1,19.8,258.0420698261621
P15_triggerbot_02,P15,triggerbot,389,19.450000000000003,0.8014741903697411,0.9137898381640753,0.7723196306947474,0.8982848983810648,0.08136998191461146,0.10703682947591632,0.1344542926835755,0.023426898280120415,0.10537806769160196,-0.07617134491607881,0.0,2.7967528056308906,0,0,0.0,0.028989465227309417,-0.20860178754928296,0.21060649292678885,0,33.526344826022395,4.311352797411459,0.29365985450676224,28.450966415929713,37.03883330080599,0.2782698258934604,0.48003071573720324,2.1972160324449574,1.2030482879607673,0,0,1,19.8,303.4633320110384
P15_triggerbot_02,P15,triggerbot,390,19.5,0.9231254334094869,0.8147061155451762,0.8096322449593585,0.8922045926287409,0.12165124303974581,-0.09908372261889904,0.15689681010503123,0.022442517421455727,0.02307545621451186,0.0823026114770901,0.15495620644883004,1.604309635274299,0,0,0.0,0.13045192992191443,-0.16982969473525814,0.21414908646600161,1,27.231967760905167,3.4467868281061875,0.28814331134108645,23.038981324324094,40.29930770979993,0.19442001086457997,0.48532555452204307,2.0705024913609518,1.2030482879607673,0,0,1,19.8,321.6024902795833
P15_triggerbot_02,P15,triggerbot,391,19.55,0.8674523590381298,0.8686647988225044,0.8446323901550739,0.8847298741834843,-0.055673074371357135,0.053958683277328126,0.07753083716162024,-0.079365972943411,0.1051878539241826,-0.08211239770967074,0.0,3.0553448876544804,0,0,0.0,0.22094934197477442,-0.12403765236559922,0.2533849855919941,0,29.677731424497118,4.049141768642265,0.27475223639207846,25.66720939559022,38.28080284288575,0.4021097166869905,0.4641276260205215,1.989418078711173,1.2030482879607673,0,0,1,19.8,280.28068605341565
P15_triggerbot_02,P15,triggerbot,392,19.6,1.0,0.9025058847234002,0.8884009252830805,0.8696431402401499,0.14960476269965797,0.03384108590089588,0.153384497643578,0.07585366048195777,0.02097139908657902,0.08421645483760358,0.1550099834230668,2.149371431150184,0,0,0.0,0.29287499991585814,-0.07311848506079915,0.3018643377964681,1,27.548112847764724,3.3696207024842595,0.35852293155001486,26.295116954677987,36.81190610933641,0.31124176133073134,0.4258694785086702,2.3815439396548066,1.2030482879607673,0,0,1,19.8,307.9242428586234
P15_triggerbot_02,P15,triggerbot,393,19.650000000000002,0.9489708700951835,0.8218043378687643,0.9334270476546117,0.852992019311489,-0.05102912990481646,-0.08070154685463599,0.09548147340491579,-0.05790302423866221,0.08296734810761516,-0.06199594902103614,0.0,2.357100844090439,0,0,0.0,0.3401832390617263,-0.019176948331667457,0.3407233356931149,0,26.080649171525927,3.7774895648840006,0.27832041098671817,22.90882715712086,38.84842202077451,0.3216464969520532,0.37383870007587133,2.418265746584818,1.2030482879607673,0,0,1,19.8,274.773608843536
P15_triggerbot_02,P15,triggerbot,394,19.700000000000003,1.0,0.9110616268932257,0.9723645415669584,0.851097048443189,0.08215924949214605,0.08925728902446145,0.12131366749508873,0.02583219409017294,0.037487688081906924,0.04547966002570824,0.06620765224978138,2.9614240235678113,0,0,0.0,0.3588975959523518,0.03555727197455259,0.3606546879920597,1,30.372222491727044,4.27436241636981,0.3247525002067995,27.884794024324066,38.45351104460222,0.310451923309899,0.43642352465999873,2.268004193947571,1.2030482879607673,0,0,1,19.8,260.726681476354
P15_triggerbot_02,P15,triggerbot,395,19.75,0.9077223232935479,0.830734560174907,0.9377621256431664,0.8553884621455234,-0.09227767670645219,-0.08032706671831871,0.12234217288371878,0.0010285053886300438,0.08350481589394589,-0.04601712781203896,0.0,3.0310817331971487,0,0,0.0,0.3474450474167914,0.08882172425235549,0.3586186828284576,0,24.830081661044662,3.603879299335324,0.3364799086864588,22.85652077001364,38.186689013948474,0.24945623857455604,0.3439424666193474,3.0576746104406975,1.2030482879607673,0,0,1,19.8,253.6105981137899
P15_triggerbot_02,P15,triggerbot,396,19.8,0.8759022874463196,0.9658862465085463,0.9076585996843971,0.8569249392057745,-0.03182003584722823,0.13515168633363922,0.13884701293202276,0.01650484004830398,0.02619045655346367,0.057314359340482214,0.0954951311104624,2.055839722984844,1,1,450.0,0.306788230018943,0.1384147100962921,0.3365674524507628,1,21.77506670888138,3.7944753661210617,0.36269148210529584,24.409424763364107,38.05588058341985,0.09477977216580112,0.4325586450892923,2.9608797754455254,1.2030482879607673,1,0,1,19.8,67.93096806981495
P15_triggerbot_02,P15,triggerbot,397,19.85,0.8451029534629042,0.8687860813275564,0.8724802736349577,0.8521902076942499,-0.03079933398341535,-0.09710016518098982,0.10186776257480809,-0.036979250357214666,0.1137475248987297,-0.08755706834526603,0.0,2.6032113402790458,0,0,0.0,0.24034452626347025,0.1822862920117333,0.30165175875535494,0,32.03191118765973,4.082874208970794,0.3238074071128039,28.457380303967206,38.69037556808785,0.12815471651692906,0.5186656427387,2.51410256163224,1.2030482879607673,1,0,1,19.8,77.85281613291913
P15_triggerbot_02,P15,triggerbot,398,19.900000000000002,0.857779487115782,0.6141289488752109,0.8483745752354699,0.8393295812970273,0.012676533652877815,-0.2546571324523455,0.25497244873574865,0.15310468616094056,0.02963762647499439,0.08410989842373531,0.25734848116817854,0.35689084453973186,1,1,100.0,0.15369881871843255,0.2186230280534932,0.26724399950367467,1,27.506236265480304,4.2315057014728525,0.36943716102196755,25.002995119073457,38.30775747527929,0.1306316761230811,0.5570456543087425,2.751064592759705,1.2030482879607673,1,0,1,19.8,82.69641536609065
P15_triggerbot_02,P15,triggerbot,399,19.950000000000003,0.8311282894184667,0.6440190233876523,0.8189533564869913,0.8273583371810449,-0.026651197697315294,0.02989007451244146,0.04004625941409118,-0.21492618932165747,0.21673541578820033,-0.18709778931320592,0.0,2.463153364393601,0,0,0.0,0.05413405632130133,0.24592293086636974,0.2518106113326106,0,25.830899437921293,3.5759806909032252,0.3402758057701525,22.896567028320447,37.447892161411026,0.24705095558506157,0.7229240945711083,2.0751143681264357,1.2030482879607673,1,0,1,19.8,66.10866408857706
P15_triggerbot_02,P15,triggerbot,400,20.0,0.7698979479669299,0.8519524828620426,0.7872618431678956,0.8119368299243105,-0.061230341451536774,0.20793345947439038,0.21676133945715442,0.17671508004306324,0.1735530318338946,0.043182383954305736,0.11232325664266134,0.44180065825867865,0,0,0.0,-0.04998090918612203,0.2630575526785032,0.2677636407436134,0,28.72922990458318,3.8642247206123983,0.2661486644549068,25.29234984909166,39.23266351740892,0.17941150484796214,0.38995632867902114,2.578343572200674,1.2030482879607673,1,0,1,19.8,65.24594637905358
P15_triggerbot_02,P15,triggerbot,401,20.05,0.6812366573009887,0.8244872288794732,0.7528875102892126,0.7968984066540005,-0.08866129066594121,-0.027465253982569375,0.09281791119647952,-0.1239434282606749,0.057622099034210957,0.11593093279968364,0.12912560430631284,1.5848223849426109,1,1,150.00000000000003,-0.14989476168099322,0.2693186299499808,0.30822226398742913,1,30.8204695184513,3.7988535478201766,0.39273411799559815,28.996392386100258,36.82129356633904,0.15757305070668956,0.5955445718741907,2.1940550197402824,1.2030482879607673,1,0,1,19.8,63.9410842647629
P15_triggerbot_02,P15,triggerbot,402,20.1,0.780691707640242,0.7151074352240357,0.7295438181773759,0.7964360944292848,0.09945505033925323,-0.10937979365543744,0.14783519979385648,0.055017288597376965,0.055860969700495755,0.0017611293337152015,0.003124282882951298,2.0083034046323522,0,0,0.0,-0.23720930687899372,0.26444735960941607,0.35524732409182824,1,24.916641526171727,3.577486970322585,0.37149314415043977,22.081262258825205,39.55333469001389,0.13289563559158962,0.30131720647384036,2.1766480669270587,1.2030482879607673,1,0,1,19.8,63.524733803661356
P15_triggerbot_02,P15,triggerbot,403,20.150000000000002,0.7258737041490383,0.7807118695874276,0.7050849652831241,0.796931448348477,-0.05481800349120373,0.06560443436339179,0.08549242840686072,-0.06234277138699576,0.11140712999464766,-0.05554616029415191,0.0,3.0997479443399594,0,0,0.0,-0.3045853771261066,0.2486450967385325,0.39318778731182225,0,31.18439999428413,4.160637544570242,0.31952121441971326,25.801628553405088,41.1889170423895,0.1707260934023552,0.4116578256341239,2.8899190666489076,1.2030482879607673,1,0,1,19.8,65.84477601324458
P15_triggerbot_02,P15,triggerbot,404,20.200000000000003,0.5131161141622325,0.8825331217397903,0.6821010510533491,0.797481677020298,-0.21275758998680577,0.10182125215236273,0.23586724971235154,0.15037482130549082,0.04687506373724851,0.06453206625739916,0.18265201183665578,0.4283672515076029,1,1,150.00000000000003,-0.3463597203915057,0.22256503151347498,0.41170407960363486,1,28.8762838770603,6.087853087290375,0.37442438584012994,28.686240736644486,38.25241532319112,0.12833736554589464,0.6040031930941002,3.7448370040071763,1.2030482879607673,1,0,1,19.8,67.11307146637785
P15_triggerbot_02,P15,triggerbot,405,20.25,0.5429154822950882,0.8482922732969106,0.65753204375327,0.7966301166204827,0.029799368132855764,-0.034240848442879626,0.04539204823761219,-0.19047520147473934,0.16803358892843806,-0.12115852519118955,0.0,2.7333151930603163,0,0,0.0,-0.35902102125614627,0.1872851894384002,0.40493435997305005,0,28.085745621343463,3.502200991040213,0.33047807718522876,24.961534204967716,37.280840930641936,0.2497481524374804,0.5274212265429612,2.2204887618246034,1.2030482879607673,1,0,1,19.8,77.1975328225178
P15_triggerbot_02,P15,triggerbot,406,20.3,0.7360787114876378,0.7478715445024084,0.6311063785856778,0.8020655361138389,0.19316322919254958,-0.1004207287945021,0.21770704141968486,0.17231499318207266,0.09957181036382887,0.0684617785646092,0.178855335139568,0.3752208146437226,0,0,0.0,-0.3415050422604746,0.14426387091290685,0.37072598821785396,0,22.63404848296804,3.3526550901383882,0.41703821086745096,21.18417915405145,37.61139565552881,0.15582515579235107,0.43957910014953117,2.7492659605345637,1.2030482879607673,1,0,1,19.8,65.39712830318318
P15_triggerbot_02,P15,triggerbot,407,20.35,0.6759793407924726,0.7583996057808999,0.611623825800654,0.8001582157736656,-0.060099370695165216,0.010528061278491523,0.06101454279299777,-0.1566924986266871,0.13499227594195426,-0.03542046557812539,0.0,2.835589778299066,0,0,0.0,-0.2952840776961436,0.09527937204909573,0.3102754345399136,0,29.135203288939344,3.8383945706294456,0.3848088285145833,28.13129613320485,38.10868789170078,0.21916497326604972,0.35665904631866135,2.2365141014728374,1.2030482879607673,1,0,1,19.8,66.30194508182912
P15_triggerbot_02,P15,triggerbot,408,20.400000000000002,0.4678309618401586,0.841818089664107,0.5959940246021077,0.7937650533412995,-0.20814837895231397,0.08341848388320702,0.22424181392828807,0.16322727113529029,0.08745493517932547,0.04753734076262879,0.12791831426326836,0.2077473075329408,0,0,0.0,-0.22424320086106578,0.04235647839207788,0.22820842314470965,0,22.201023880988764,3.8361232502000915,0.37882490314979905,22.812464338490145,35.43796639638173,0.1401669525733705,0.4877216040362511,2.5804727445881377,1.2030482879607673,1,0,1,19.8,69.28591193483399
P15_triggerbot_02,P15,triggerbot,409,20.450000000000003,0.4973327182106704,0.8279611457596455,0.5864431980408005,0.7901784650727389,0.029501756370511778,-0.013856943904461483,0.03259399520335647,-0.19164781872493158,0.12936581234798583,-0.04191087716866036,0.0,3.083643791594975,0,0,0.0,-0.13435370673477595,-0.012317230056954709,0.1349171326023872,0,32.287671040072794,3.7523709451861262,0.2313243595639844,26.251308599588267,38.19402482835732,0.2624552349911902,0.2867072192983113,2.2654207111385465,1.2030482879607673,1,0,1,19.8,66.56294948785035
P15_triggerbot_02,P15,triggerbot,410,20.5,0.6823206662993216,0.7508598593567017,0.5688255379286271,0.7976521812697053,0.18498794808865124,-0.07710128640294381,0.20041244797426705,0.16781845277091056,0.07765215128814347,0.05171366105984236,0.12436873688057445,0.04421722614347745,1,0,300.00000000000006,-0.033171198638956255,-0.0664818029640533,0.07429776944495911,1,29.946243031389383,3.3855540883907005,0.28015394434568885,26.05077370601684,38.66752945089451,0.15214160200225474,0.34833731497625475,2.647293246130326,1.2030482879607673,1,0,1,19.8,71.32701401466119
P15_triggerbot_02,P15,triggerbot,411,20.55,0.6177908582117346,0.7778479315436622,0.5468646823676857,0.8034652706678233,-0.064529808087587,0.026988072186960463,0.06994606616665013,-0.13046638180761694,0.1453122599167045,-0.06766010862856102,0.0,3.140370093149105,0,0,0.0,0.07079949311567652,-0.11789833523019591,0.13752303689014572,0,24.521050858902445,4.838517798724049,0.3919385252573488,25.04205266078754,36.00861995431414,0.21034737392835753,0.5180513822413737,2.427452303682587,1.2030482879607673,1,0,1,19.8,71.40030943242836
P15_triggerbot_02,P15,triggerbot,412,20.6,0.39877051085571436,0.8547798077576793,0.5265592682743735,0.8023360993712767,-0.2190203473560203,0.07693187621401709,0.23213880790113625,0.1621927417344861,0.09446096212749597,0.05085129778920852,0.14165471578815061,0.05832751488322874,0,0,0.0,0.16881917924326634,-0.16444151264929996,0.2356712251480014,0,28.463086242989892,4.303736874585138,0.23380988984521817,26.55292654534384,40.05077454949388,0.13344782746668202,0.3743029163754882,2.4091138378830785,1.2030482879607673,1,0,1,19.8,67.22823722932742
P15_triggerbot_02,P15,triggerbot,413,20.650000000000002,0.44870960449643993,0.8289082100920824,0.5181464251124567,0.8113070153222075,0.0499390936407256,-0.02587159766559688,0.0562428007786568,-0.17589600712247944,0.12704523834749062,-0.03258427621999466,0.0,3.0013913178349165,0,0,0.0,0.25264887838906885,-0.20418746226057935,0.32484454050463896,0,22.402777529432292,4.071316650451886,0.23224360084493959,22.11123260905232,38.535027175734584,0.254932647191091,0.32445352049643217,1.978141965268112,1.2030482879607673,1,0,1,19.8,72.76539886683778
P15_triggerbot_02,P15,triggerbot,414,20.700000000000003,0.6795910901418498,0.7737587352985965,0.5130799674129144,0.8192818380771462,0.23088148564540983,-0.05514947479348586,0.23737675746338124,0.18113395668472443,0.06508617871843897,0.061959059629051655,0.17649168804269486,0.24352191852279442,1,0,200.0,0.3152423393812786,-0.23549327608055332,0.3934905534034241,1,25.904775302967117,4.915209320023575,0.25471149149472,27.117902641203084,40.2484722735337,0.14488708340802117,0.49561585791518514,3.458540055528707,1.2030482879607673,1,0,1,19.8,78.93840955667861
P15_triggerbot_02,P15,triggerbot,415,20.75,0.6278369719646735,0.7963528708880238,0.5111909993208132,0.8227989713174164,-0.05175411817717635,0.022594135589427248,0.05647108739284696,-0.1809056700705343,0.17539536863131513,-0.11030918991287617,0.0,2.964436973082927,0,0,0.0,0.3513383093183807,-0.25706492108304013,0.4353400753963823,0,25.435812114741253,3.9457476527135524,0.420244859227784,25.449918626702196,38.34933056910006,0.2601700999693652,0.6370845447730374,2.220850888813123,1.2030482879607673,1,0,1,19.8,76.97288428027193
P15_triggerbot_02,P15,triggerbot,416,20.8,0.41771272836001494,0.8766861583874643,0.5059321468470978,0.8396986220609343,-0.21012424360465853,0.08033328749944058,0.2249569621747628,0.16848587478191585,0.12938176274765542,0.046013605883659714,0.12421297197953857,0.04646020526842243,0,0,0.0,0.35790276478078087,-0.26801072835239537,0.44712877289401587,0,30.325161557200104,4.977772949676627,0.2449174915311062,26.547479197756118,37.065377946667134,0.13591618584704984,0.42646639859385804,2.879790120884422,1.2030482879607673,1,0,1,19.8,65.40258570096167
P15_triggerbot_02,P15,triggerbot,417,20.85,0.4657582530128397,0.8791257137484636,0.49914033826905385,0.8526466331391446,0.04804552465282474,0.0024395553609992803,0.04810742010879995,-0.17684954206596284,0.08490202841901491,0.04447973432864051,0.02567766318810864,2.7256934634682097,0,0,0.0,0.334383934708031,-0.2678782504235462,0.4284522993762606,0,25.863112884048014,3.3380092990229806,0.27090541269277096,23.715410907512954,37.895503926008935,0.22960748514062096,0.35437551377561094,2.1704566375167804,1.2030482879607673,1,0,1,19.8,64.0343840171287
P15_triggerbot_02,P15,triggerbot,418,20.900000000000002,0.6493253307316078,0.7835997296540846,0.49168078268554444,0.8587093898200304,0.18356707771876818,-0.0955259840943789,0.20693497930366392,0.15882755919486397,0.03299702755375053,0.05190500086526438,0.12889152335772172,0.5305564536453661,1,1,200.0,0.2827586791586531,-0.25667296330220046,0.3818815009003171,1,28.109116181101786,3.8388959885861196,0.2742744161479675,27.058540498890707,37.600615599275244,0.16080658275704218,0.40773369523529684,2.061859890231507,1.2030482879607673,1,0,1,19.8,67.52575715901123
P15_triggerbot_02,P15,triggerbot,419,20.950000000000003,0.6041800240441948,0.7818479101912055,0.48534639348143577,0.8587421493885238,-0.04514530668741301,-0.0017518194628791395,0.04517928272262742,-0.1617556965810365,0.1803759271777764,-0.14737889962402587,0.0,2.622983961181069,0,0,0.0,0.20736632561582605,-0.23485804011288786,0.3133035141920302,0,23.136016857829524,3.502320934582221,0.3548788223850547,22.338271695525535,34.96484950494035,0.21818014534579125,0.6392905140030127,2.388822614019819,1.2030482879607673,1,0,1,19.8,76.40041332286447
P15_triggerbot_02,P15,triggerbot,420,21.0,0.4099641698481249,0.8813086828738647,0.4756940201408104,0.8623582996894612,-0.19421585419606988,0.09946077268265915,0.21820229907986916,0.17302301635724174,0.15162643574331408,0.028749491434462315,0.0752784615405202,0.5120768371374194,0,0,0.0,0.11454392962084936,-0.2033352057311548,0.23337848594657806,0,25.00635297857095,3.902357289993125,0.2779555767902725,22.620134878479945,36.86246842682148,0.16761683835768784,0.34855991529661984,1.9539149952941768,1.2030482879607673,1,0,1,19.8,63.87639073220986
P15_triggerbot_02,P15,triggerbot,421,21.05,0.4824953159123633,0.9228791285000837,0.4634824938679157,0.8705457808249493,0.07253114606423841,0.04157044562621902,0.08359945633169105,-0.1346028427481781,0.05458984398587216,0.09703659175744192,0.09734647578242878,2.147865705745949,1,1,150.00000000000003,0.012093617666019294,-0.16340746377809295,0.16385437072791378,1,27.420320734482605,4.229758272505856,0.2873264895091584,25.40538736206339,39.6085221866139,0.19167519358766705,0.4876731669011953,2.2107546796522013,1.2030482879607673,1,0,1,19.8,64.0549428930638
P15_triggerbot_02,P15,triggerbot,422,21.1,0.4391866508275951,0.8118939290584699,0.4500830835137785,0.8812552344816393,-0.043308665084768175,-0.11098519944161378,0.11913586767434653,0.03553641134265548,0.052755107452440615,0.0018347365334315455,0.0026229951463702782,2.463278106840567,0,0,0.0,-0.09137321550406079,-0.11672523666551214,0.14823577633679177,1,25.904176222872554,3.4333050873546567,0.31497144434090196,23.91922243895811,37.78513413582947,0.11280294348113895,0.2807705284683868,2.1146955090283983,1.2030482879607673,1,0,1,19.8,79.06929984336253
P15_triggerbot_02,P15,triggerbot,423,21.150000000000002,0.38602595850612514,0.9461916819707121,0.43170015418247804,0.8861708617475986,-0.05316069232146997,0.13429775291224216,0.14443664924587404,0.025300781571527514,0.0746532675890527,-0.02189816013661209,0.0,2.392628849332774,1,0,100.0,-0.18715973211119447,-0.06521814500531119,0.19819730513270828,1,24.519836322376932,3.802002979439499,0.24581349058646862,21.28648260262808,39.366412410358556,0.10502045699392996,0.3524589474975679,2.4054193122190863,1.2030482879607673,1,0,1,19.8,65.79228351034145
P15_triggerbot_02,P15,triggerbot,424,21.200000000000003,0.4404671589482665,0.8738476626551871,0.4144721208299606,0.9034519130735306,0.05444120044214133,-0.07234401931552502,0.09054005432020938,-0.05389659492566466,0.05134074401816246,0.023312523570890246,0.025328605805394776,2.8733895552736763,0,0,0.0,-0.26721465842107234,-0.011015246296984544,0.26744159984204696,1,22.046485697824487,4.575484757985887,0.2906281889173419,23.42008059238297,38.23260874420301,0.1385893914758632,0.4104000117622886,2.4108733462536045,1.2030482879607673,1,0,1,19.8,67.46051607362605
P15_triggerbot_02,P15,triggerbot,425,21.25,0.327946471781962,0.9585833252341638,0.39677516171756594,0.9108525670570542,-0.1125206871663045,0.08473566257897663,0.14085821791104536,0.050318163590835976,0.05725690850717377,-0.005916164489011312,0.0,2.8613775374238504,1,1,100.0,-0.3248090293525007,0.04364297015461164,0.3277279579053792,1,29.990454005130758,3.8716745609265497,0.40264329311442215,26.05936202001478,38.56822275835432,0.14346828474688617,0.30785145327904234,2.719076142386619,1.2030482879607673,1,0,1,19.8,73.97088116666866
P15_triggerbot_02,P15,triggerbot,426,21.3,0.4252825999383749,0.9078775656440058,0.3944800063540918,0.9149671839128071,0.09733612815641288,-0.050705759590158016,0.10975151889653524,-0.031106699014510117,0.07955550896339833,-0.02229860045622456,0.0,2.9763859109789856,0,0,0.0,-0.3551017872874809,0.09649719438082287,0.3679796025028203,1,23.50421716284282,3.575288956673059,0.28826221596034635,22.113383528140147,39.77302338730979,0.12625802784521417,0.35419882269643654,2.244727759730206,1.2030482879607673,1,0,1,19.8,78.2777815483968
P15_triggerbot_02,P15,triggerbot,427,21.35,0.3614045021190051,1.0,0.39548266832770157,0.9362059195109312,-0.06387809781936982,0.1030798444197631,0.12126774388362119,0.011516224987085946,0.04111607419015778,0.03843943477324055,0.055937562373349965,2.6058265409171297,1,1,100.0,-0.3555466940398768,0.1453626848471951,0.3841142561643225,1,28.462833463462427,3.644259748875641,0.4267022681973298,25.220206364373105,38.477571608264256,0.11660277371046507,0.4125032009624917,2.052363073573838,1.2030482879607673,1,0,1,19.8,66.9881887615682
P15_triggerbot_02,P15,triggerbot,428,21.400000000000002,0.4565316803958816,0.9294624461347398,0.4018089072665306,0.9646719838374971,0.0951271782768765,-0.07053755386526017,0.11842603832019007,-0.002841705563431121,0.05367107862996098,-0.012555004439803202,0.0,2.763615799420252,0,0,0.0,-0.3261063532602164,0.18821957524814145,0.3765261772350866,1,25.731415674192405,3.848594856834923,0.3202705514528565,23.307866558829236,36.7727773663118,0.10317965661882954,0.2756687464626513,2.7171696505939633,1.2030482879607673,1,0,1,19.8,64.58788439005737
P15_triggerbot_02,P15,triggerbot,429,21.450000000000003,0.3181383274071945,0.9305623504916928,0.404613005159216,0.9385738109532015,-0.13839335298868713,0.0010999043569529694,0.13839772375673598,0.019971685436545913,0.052712103042711685,0.0009589755872492986,0.001592640460962985,2.511496232569834,1,1,100.0,-0.26925535376166815,0.22329636614597093,0.3497995321084872,1,21.755747363647735,3.5654058007756895,0.3755735797313099,24.8796214738976,37.43622738524976,0.1048096960921653,0.26769570170494184,2.0695410711174844,1.2030482879607673,1,0,1,19.8,66.70540664251463
P15_triggerbot_02,P15,triggerbot,430,21.5,0.42229999239267046,0.8969382198918738,0.409103392538773,0.9138934573152845,0.10416166498547595,-0.03362413059981892,0.10945425807678844,-0.028943465679947544,0.09247970087602374,-0.03976759783331205,0.0,2.837292914478272,0,0,0.0,-0.18977226955698656,0.24914315030826675,0.31318656362995073,0,23.798560176322418,3.8674519299281402,0.32394909741087224,21.562926056341304,38.50240127140439,0.11540182112080381,0.3431887706824904,2.1206731393502283,1.2030482879607673,1,0,1,19.8,72.16480159782338
P15_triggerbot_02,P15,triggerbot,431,21.55,0.6596463334933429,0.8897257491574058,0.42384668742193504,0.8970651396403712,0.2373463411006724,-0.007212470734468056,0.2374559019438605,0.12800164386707205,0.0015518937257784041,0.09092780715024533,0.2590961335036669,0.2818686312956241,1,1,100.0,-0.094337999908858,0.2646915449573489,0.2810004843389277,1,24.27490510878004,3.656431868446689,0.369549772082305,23.030478302652032,39.12189654754308,0.11573707130527354,0.5168071487967255,2.0467621693977343,1.2030482879607673,1,0,1,19.8,71.0644845350076
P15_triggerbot_02,P15,triggerbot,432,21.6,0.6130899811812544,0.8644441287847261,0.4214789266858322,0.8747293785519596,-0.046556352312088545,-0.025281620372679708,0.05297786584296885,-0.18447803610089164,0.23863906804366755,-0.23708717431788914,0.0,2.61373567313907,0,0,0.0,0.009025789338841454,0.2692988536185024,0.269450064823575,0,23.70347467457322,3.4751582535527206,0.34844814676511865,23.05046504996414,36.96798039804819,0.2351778324215989,0.8003276915379177,2.2925305583642652,1.2030482879607673,1,0,1,19.8,65.80506480522986
P15_triggerbot_02,P15,triggerbot,433,21.650000000000002,0.3882760284231071,0.8496346511654735,0.4102734442106867,0.8546019219341738,-0.22481395275814725,-0.01480947761925258,0.2253012072362188,0.17232334139324995,0.20305520605102126,0.03558386199264629,0.09620504478084255,0.43169903691894973,0,0,0.0,0.11163092169820059,0.26277463212683116,0.28550301218828017,0,20.697321854051005,3.647096201983806,0.32835682706956626,25.22838008527576,41.365857410373515,0.17389824697029485,0.42447364111161423,1.9578988728079414,1.2030482879607673,1,0,1,19.8,69.71646225162003
P15_triggerbot_02,P15,triggerbot,434,21.700000000000003,0.2997968382032054,0.6791906922302424,0.3918981479019741,0.8373171417536307,-0.0884791902199017,-0.17044395893523112,0.19204090772406876,-0.03326029951215004,0.012839033749859239,0.19021617230116203,0.4383514367101563,1.0261984446251318,1,1,150.00000000000003,0.20485298909560198,0.2453885606806823,0.3196565232469685,1,23.210600959086175,3.83734910000052,0.381720025359714,24.267813030605033,38.91041002748319,0.06406763042095466,0.8036489967981033,2.971508343745324,1.2030482879607673,1,0,1,19.8,71.5155318797703
P15_triggerbot_02,P15,triggerbot,435,21.75,0.3476169154068989,0.7283967908562403,0.38246988233738693,0.8139711095760729,0.047820077203693453,0.049206098625997875,0.06861486665263318,-0.12342604107143558,0.1581157586274327,-0.14527672487757348,0.0,2.849296987109045,0,0,0.0,0.2808562709173531,0.21785929654852199,0.35544748980154367,0,30.0230218800763,3.6334208392948777,0.2909850404657304,25.3416878137674,38.29394403654564,0.1859048388527089,0.5629208545729121,3.187515833717065,1.2030482879607673,1,0,1,19.8,72.96770542668467
P15_triggerbot_02,P15,triggerbot,436,21.8,0.41905437630060216,0.948674982391996,0.37327530381601465,0.7977809064431355,0.07143746089370327,0.22027819153575565,0.23157243464022748,0.1629575679875943,0.07397640428899391,0.0841393543384388,0.2338122615985087,0.45751042239171813,1,0,100.0,0.33325236044061535,0.1813247682051759,0.3793887284882124,1,29.76410275288024,3.8332516760167956,0.32019417721892734,26.996285059045327,39.849538699114426,0.14531777065237494,0.4619665705897592,2.115764116623996,1.2030482879607673,1,0,1,19.8,68.53988551777208
P15_triggerbot_02,P15,triggerbot,437,21.85,0.3877775811857043,0.9056389719439198,0.3532515766932752,0.7858698179875606,-0.03127679511489786,-0.043036010448076145,0.053200903262503145,-0.17837153137772432,0.17560048403383532,-0.10162407974484142,0.0,2.8267365927188437,0,0,0.0,0.3576371382308154,0.13729513879619926,0.38308520955395153,0,23.171487149066113,3.566150317389889,0.27088705242699085,23.010151525501993,37.20858274849177,0.22744281464399155,0.5399283688271873,2.135929877697296,1.2030482879607673,1,0,1,19.8,69.10074435617088
P15_triggerbot_02,P15,triggerbot,438,21.900000000000002,0.28745947961002644,0.6997905723216791,0.3327873904358235,0.770015828956547,-0.10031810157567789,-0.20584839962224072,0.22899188878819646,0.1757909855256933,0.1463473880616995,0.029253095972135823,0.08038466039474117,0.1749917057879915,0,0,0.0,0.3519609575538143,0.08759038319633267,0.3626962790968199,0,25.383375642166637,4.307411839419082,0.2601170129370656,24.681682698445545,37.59240454401692,0.13668463383073462,0.3761597059871729,2.091146617834492,1.2030482879607673,1,0,1,19.8,72.57678798995714
P15_triggerbot_02,P15,triggerbot,439,21.950000000000003,0.32080817733852174,0.7353444594300036,0.31596149940778295,0.7528809108061846,0.03334869772849529,0.03555388710832449,0.048746430932920914,-0.18024545785527554,0.06025735783247611,0.08609003022922339,0.05035898055098294,2.8416560171489764,1,0,150.00000000000003,0.31670092610717443,0.034265058928811355,0.3185491655310635,1,36.07423399744981,3.9709820872090535,0.325196288446925,30.6487146466431,37.26307249424351,0.22913871757480497,0.4590576715159154,2.843080219662502,1.2030482879607673,1,0,1,19.8,66.7932149516634
P15_triggerbot_02,P15,triggerbot,440,22.0,0.15476884906426294,0.7430470783731071,0.2967472810709358,0.7357166776445806,-0.1660393282742588,0.007702618943103524,0.16621789576441443,0.11747146483149351,0.024063775173459263,0.03619358265901685,0.07219225379708616,2.277844013967578,0,0,0.0,0.2548208030410629,-0.020476619443186243,0.25564219840690083,1,25.108281739071725,4.90722708501595,0.20050192264936156,22.723501753374006,36.949480186378395,0.177945363094595,0.3663273396938588,2.5240902696108307,1.2030482879607673,1,0,1,19.8,67.48186453639157
P15_triggerbot_02,P15,triggerbot,441,22.05,0.2481100526483201,0.7237954038777733,0.2797942549196259,0.72409930580112,0.09334120358405715,-0.019251674495333874,0.09530586161089302,-0.0709120341535214,0.12645303552994674,-0.10238926035648749,0.0,2.984551354997435,0,0,0.0,0.17152188209871966,-0.0743718920332988,0.1869516899182774,0,26.305282669648868,3.8266997796136257,0.3177046849871909,24.51170387993334,36.63510728448239,0.1561107656781107,0.5130958533680015,2.952516477148097,1.2030482879607673,1,0,1,19.8,67.86287469897154
P15_triggerbot_02,P15,triggerbot,442,22.1,0.4198796620092996,0.6041828993177096,0.260374323497026,0.7114121811783861,0.17176960936097954,-0.11961250456006366,0.2093130429456195,0.11400718133472648,0.01742861279256142,0.10902442273738533,0.2738428041426205,0.40487656533417926,1,1,150.00000000000003,0.07380580023318632,-0.1251929853331235,0.14532921153257758,1,23.174286777669572,5.039137295900098,0.2880212496023783,24.11341757719532,37.57440500708626,0.1068278452398846,0.589920369067356,3.2622664645437505,1.2030482879607673,1,0,1,19.8,79.86035439296425
P15_triggerbot_02,P15,triggerbot,443,22.150000000000002,0.3786621083856323,0.6362847591269727,0.253139843798309,0.7102648539340433,-0.04121755362366732,0.032101859809263056,0.052243814274356634,-0.15706922867126288,0.19762476583732125,-0.18019615304475983,0.0,3.0881631179896276,0,0,0.0,-0.03011398046079454,-0.17083919774343984,0.1734730045419611,0,25.97940893178862,3.934794720781613,0.38302213163621807,24.893422915961214,39.689792893434905,0.22315527104123467,0.7224638472457625,2.7061004776797297,1.2030482879607673,1,0,1,19.8,65.37469491266182
P15_triggerbot_02,P15,triggerbot,444,22.200000000000003,0.19393395650000694,0.7338826156185545,0.24384794549491415,0.7013902086316334,-0.18472815188562536,0.09759785649158179,0.2089254213609011,0.15668160708654444,0.14971164975087614,0.04791311608644511,0.12012321560489175,0.17564873662221858,0,0,0.0,-0.13150254999366462,-0.20942373255872168,0.24728772798839663,0,24.18820008490259,4.47946511181844,0.25156171331252897,22.35353754742015,40.908169870409615,0.12307215892948915,0.4551807735067514,2.925624677918156,1.2030482879607673,1,0,1,19.8,65.54985089551873
P15_triggerbot_02,P15,triggerbot,445,22.25,0.21391577849919002,0.661226692066702,0.23570478508686407,0.6962350285668669,0.01998182199918307,-0.0726559235518525,0.0753535429663375,-0.13357187839456358,0.056232934581497654,0.09347871516937849,0.08452742855944545,2.325236888780397,1,1,150.00000000000003,-0.2218377576937882,-0.23935168914364358,0.3263452494437804,1,28.298365533444144,4.103935682239808,0.4052353397402311,28.16511197930971,37.89859794297658,0.18648081149080642,0.5606432629682309,2.5424554567229247,1.2030482879607673,1,0,1,19.8,68.31265637819133
P15_triggerbot_02,P15,triggerbot,446,22.3,0.30156058769244565,0.7788225506740898,0.23334626914443152,0.6952650789259964,0.08764480919325564,0.11759585860738775,0.14666423742729828,0.07131069446096078,0.039193822813012286,0.017039111768485368,0.029988340007560923,2.232718112564992,0,0,0.0,-0.2935265360731958,-0.2593859885182556,0.3917128009380364,1,29.166928673438804,4.245439864051813,0.4266734712905608,25.923141878286774,39.87029645108711,0.12879831605173372,0.5302044770365285,2.591643455982912,1.2030482879607673,1,0,1,19.8,65.4433243006547
P15_triggerbot_02,P15,triggerbot,447,22.35,0.2445166831481027,0.7001618922264718,0.23428110924115467,0.6999260170835905,-0.057043904544342924,-0.07866065844761794,0.0971674134320602,-0.04949682399523808,0.10368795124446481,-0.06449412843145252,0.0,3.1285353999040284,0,0,0.0,-0.340543131206843,-0.2686985083025922,0.43378394688623423,0,24.89360071177069,3.55977723072231,0.4734009002341,24.928173531546978,40.12207480819904,0.14799065233658468,0.49176697379070444,2.623638343781902,1.2030482879607673,1,0,1,19.8,66.65553611693902
P15_triggerbot_02,P15,triggerbot,448,22.400000000000002,0.05390347097566825,0.7482962540285315,0.22175605946783417,0.7149890256673082,-0.19061321217243446,0.04813436180205965,0.19659682968141956,0.09942941624935936,0.0271641284856917,0.0765238227587731,0.18053209139373186,1.1907163918639783,1,1,150.00000000000003,-0.3589355935836404,-0.26690431334603926,0.4472948388076493,1,28.439696212904963,4.096213148351812,0.35389243688047717,28.923696782424678,38.46263580447365,0.12341029055399876,0.46368973805849395,2.626658684766489,1.2030482879607673,1,0,1,19.8,74.66684839264789
P15_triggerbot_02,P15,triggerbot,449,22.450000000000003,0.13225725204097075,0.7511849788978571,0.2118058348013616,0.7218757226157774,0.0783537810653025,0.0028887248693256072,0.07840701332533982,-0.11818981635607974,0.1600974733775457,-0.13293334489185402,0.0,2.8573890845777217,0,0,0.0,-0.34715795666790966,-0.25407756711045454,0.43020234423652987,0,28.1343142898486,3.6604475409374064,0.30162468681765,24.03511684349519,39.15340705355742,0.1966048592314463,0.5342094207695733,1.9332401659973848,1.2030482879607673,1,0,1,19.8,80.53111812017622
P15_triggerbot_02,P15,triggerbot,450,22.5,0.34585151761450705,0.6796529587555086,0.19819307831748742,0.7232483749503282,0.21359426557353628,-0.0715320201423485,0.22525394600659873,0.14684693268125892,0.07160996457817914,0.08848750879936657,0.23918592635221136,0.36000795279290604,1,0,100.0,-0.3062001821172146,-0.23074846610639546,0.38341023217836756,1,29.80241871840587,4.120256647504771,0.2956997332342886,25.83280463032876,35.974422717101,0.12218445280152015,0.5193824032170179,2.66772477821845,1.2030482879607673,1,0,1,19.8,69.74671873881995
P15_triggerbot_02,P15,triggerbot,451,22.55,0.2939336798048601,0.6933416201992685,0.19420031970912838,0.7223986511392839,-0.05191783780964691,0.013688661443759891,0.0536920975093233,-0.17156184849727543,0.15756040125458134,-0.0859504366764022,0.0,3.076229088637297,0,0,0.0,-0.23950494919513143,-0.1978813240981886,0.31067610000741097,0,24.02703342686143,3.563612289891446,0.35043552440810494,23.06762167833858,40.129790786594405,0.2312975123427302,0.4442198292142466,1.9347954776846752,1.2030482879607673,1,0,1,19.8,67.34874742508278
P15_triggerbot_02,P15,triggerbot,452,22.6,0.08796695252299236,0.7734367511689181,0.18182289011854008,0.7277306082304242,-0.20596672728186777,0.0800951309696496,0.22099213278360977,0.16730003527428647,0.11726649846353075,0.04029390279105059,0.1068556261916366,0.11308511343944261,0,0,0.0,-0.15267828259125055,-0.15683471197237675,0.21887847051382678,0,25.797918350134204,4.217906873855574,0.37892851058742705,24.330769959707844,39.69731283837695,0.13422904437687058,0.4003513812540373,3.296336106107958,1.2030482879607673,1,0,1,19.8,70.97208153036533
P15_triggerbot_02,P15,triggerbot,453,22.650000000000002,0.12451854354857567,0.7429383212036252,0.16490719483685,0.7373322773942883,0.0365515910255833,-0.030498429965292877,0.04760433842465806,-0.1733877943589517,0.08499019892821796,0.03227629953531279,0.018437902634095962,2.817107324662821,0,0,0.0,-0.05301834163972532,-0.10930530089709109,0.12148495114387729,0,23.509908072725505,3.7684603794229448,0.3460413596884385,25.125059924621677,37.1349396118753,0.22755506058494732,0.34617920461493096,3.469580169317712,1.2030482879607673,1,0,1,19.8,69.28187574553863
P15_triggerbot_02,P15,triggerbot,454,22.700000000000003,0.354246575716334,0.7157733468586682,0.15946007530607206,0.7418625251622014,0.22972803216775833,-0.027164974344957047,0.23132856415676983,0.18372422573211178,0.034958088887736306,0.05003211004048166,0.13888627412877755,0.5776619713637929,1,1,200.0,0.05109802174575765,-0.05725773002852072,0.07674278776763901,1,24.45236067469948,3.3697309386003336,0.3422885645666054,21.942403347161775,38.209299165975715,0.1741846092723958,0.40200618224926377,1.8176741565005003,1.2030482879607673,1,0,1,19.8,66.50170462564506
P15_triggerbot_02,P15,triggerbot,455,22.75,0.29343517544333525,0.7224498772489173,0.14733302031516143,0.7493684809694083,-0.06081140027299873,0.0066765303902491056,0.06117681310116432,-0.1701517510556055,0.2096231200146413,-0.174665031126905,0.0,3.1332436249586886,0,0,0.0,0.1509193739446026,-0.0028433976987316868,0.15094615709684014,0,23.17927569754831,4.099259911743064,0.30680031778642697,21.86691988362589,37.058706369287115,0.24174128810436366,0.6821582445639297,2.815464009273409,1.2030482879607673,1,0,1,19.8,73.4755780998221
P15_triggerbot_02,P15,triggerbot,456,22.8,0.08486439410763033,0.7752791788736925,0.1370078228538237,0.757897760746374,-0.20857078133570492,0.052829301624775137,0.2151573980534899,0.15398058495232558,0.16039348204528958,0.04922963796935173,0.12710544975121213,0.1387217700193859,0,0,0.0,0.2380552957251165,0.051688467129976774,0.2436021786787207,0,26.356053701749573,4.223638809504914,0.3279147082644238,23.619780521423056,39.893224390692616,0.12302488534781333,0.4170363895759435,2.765326881901315,1.2030482879607673,1,0,1,19.8,68.0766962078541
P15_triggerbot_02,P15,triggerbot,457,22.85,0.11977540884125902,0.7520634697545007,0.13174240079669744,0.7568369969137493,0.03491101473362869,-0.023215709119191782,0.04192550655196147,-0.17323189150152843,0.050375208054993424,0.11001827399029615,0.05535086240418785,2.802821793736772,1,1,150.00000000000003,0.3051816335091432,0.10408377726236744,0.3224426493510297,1,25.54724456164239,4.942749013014173,0.32153878911231515,25.875857665225166,34.61270946937491,0.24111118333837853,0.644749804571702,2.599039073217576,1.2030482879607673,1,0,1,19.8,63.97641754315984
P15_triggerbot_02,P15,triggerbot,458,22.900000000000002,0.0786134405523365,0.9002511367879349,0.11702545214050221,0.7598734880113968,-0.04116196828892252,0.14818766703343417,0.15379821941176763,0.11187271285980616,0.008280014917201994,0.042095193137791434,0.07768998900464139,2.4285805822249684,0,0,0.0,0.34665612636662724,0.15217676048379275,0.3785871582328918,1,24.81702948232214,4.311694843399802,0.3037397496659,22.866088218102725,37.23853693388624,0.1789011823247787,0.38148941247087986,3.1560938002643075,1.2030482879607673,1,0,1,19.8,74.52771568613655
P15_triggerbot_02,P15,triggerbot,459,22.950000000000003,0.08561035736460196,0.8117630093232899,0.10486714846834003,0.761695244917601,0.006996916812265457,-0.088488127464645,0.08876432586955767,-0.06503389354220997,0.14102124787181003,-0.13274123295460805,0.0,2.949561585689577,0,0,0.0,0.35899266261071366,0.19397948225358536,0.4080487364809487,0,23.98715324122483,3.4468647234541225,0.3582747141599433,24.558065185781555,38.73141542437964,0.15056883734405072,0.5953253546714137,1.9978406926604955,1.2030482879607673,1,0,1,19.8,85.52788380446486
P15_triggerbot_02,P15,triggerbot,460,23.0,0.12264402448446245,0.5999835980377823,0.09477854260827077,0.762396709046212,0.03703366711986049,-0.21177941128550765,0.21499304999180982,0.12622872412225217,0.0502104294316315,0.09081081844017852,0.2342843379444776,0.09421091533211068,1,1,150.00000000000003,0.3411543026620982,0.22776401743728178,0.4101983737949639,1,26.5294181712898,3.8088214394414903,0.37779219833155975,24.158987986114308,39.495423494749815,0.11165422764372511,0.49809849481090473,2.4608936497949916,1.2030482879607673,1,0,1,19.8,75.83761246884531
P15_triggerbot_02,P15,triggerbot,461,23.05,0.11416996139228516,0.6552287501857311,0.08716460854947981,0.7676024367104928,-0.00847406309217728,0.05524515214794879,0.0558912925341704,-0.15910175745763944,0.17133261228696545,-0.12112218285533394,0.0,3.120677667649602,0,0,0.0,0.2946404383350337,0.2521338744901061,0.3877943766581117,0,26.57898032795715,3.3360210687902687,0.23256770220930473,23.688591913321304,37.093098058750556,0.22968409940768822,0.45989011893570586,1.7075961827999622,1.2030482879607673,1,0,1,19.8,70.52931853434166
P15_triggerbot_02,P15,triggerbot,462,23.1,0.05470385960970892,0.8592072168091046,0.0753374101429289,0.7699818282302578,-0.05946610178257624,0.2039784666233735,0.21246983811176215,0.15657854557759177,0.12114551562987018,0.05018709665709527,0.1279589316243887,0.1314656026558898,0,0,0.0,0.2233607624276594,0.26608171975668105,0.3474039605141805,0,21.72791326385665,4.11190561432618,0.34034035864308265,22.049737757137695,39.53319379922346,0.12445029073127285,0.39826340281255235,3.06837959144846,1.2030482879607673,1,0,1,19.8,71.50297970942786
P15_triggerbot_02,P15,triggerbot,463,23.150000000000002,0.06947134738899702,0.7987556181008567,0.07183716506018958,0.7733514907851289,0.01476748777928809,-0.06045159870824791,0.06222920923243733,-0.15024062887932482,0.08754859134653997,0.03359692428333021,0.025088520369524518,3.097517256136732,0,0,0.0,0.13330664202115217,0.2690310158397429,0.3002471453498261,0,27.709455521312037,5.293012930059658,0.34516178168733436,26.965712381160287,38.7132431902775,0.2256278005650752,0.5060821085484992,3.499208826598048,1.2030482879607673,1,0,1,19.8,67.80727763914197
P15_triggerbot_02,P15,triggerbot,464,23.200000000000003,0.1318545695410601,0.5967084047400989,0.07551023317623723,0.7752482833949925,0.062383222152063066,-0.20204721336075784,0.21145860784778012,0.1492293986153428,0.024270618585542043,0.06327797276099793,0.1605680643296445,0.05987619735871319,1,1,200.0,0.03204751799276022,0.2608598529062673,0.2628210536996146,1,22.51599153644047,3.600901128162791,0.3255185657140253,22.36395193171674,36.89457096985279,0.11790647234395257,0.4353457084319574,2.479239649547611,1.2030482879607673,1,0,1,19.8,76.46642384656937
P15_triggerbot_02,P15,triggerbot,465,23.25,0.11448694624382381,0.649764516727792,0.08689478855750077,0.778793986140442,-0.017367623297236276,0.05305611198769312,0.055826385860499136,-0.155632221987281,0.1875541011548151,-0.16328348256927305,0.0,3.124712001344702,0,0,0.0,-0.07190533944407837,0.24190598785850792,0.25236656831357185,0,30.614663265916203,3.632795690630462,0.42002444935853195,25.892743481869797,36.63488374562934,0.2340227493901551,0.6766094980371665,2.7045083575753237,1.2030482879607673,1,0,1,19.8,67.5331062082499
P15_triggerbot_02,P15,triggerbot,466,23.3,0.08942619943730373,0.8628293286194697,0.10014569224986053,0.7839263725253209,-0.025060746806520075,0.2130648118916777,0.21453357568673606,0.15870718982623694,0.13492618395684478,0.05262791719797033,0.13548546308911258,0.19926842832623093,0,0,0.0,-0.16981424005561546,0.2129528830746171,0.2723707152677353,0,30.936697406210335,4.246500317200854,0.35469845475943285,26.189253197442476,37.24746632585609,0.13111197735162503,0.47301307550812294,3.2970610534617903,1.2030482879607673,1,0,1,19.8,65.32135305392129
P15_triggerbot_02,P15,triggerbot,467,23.35,0.10153412658649003,0.8153921073059692,0.10292754074526347,0.7843630942560319,0.012107927149186288,-0.04743722131350048,0.04895806231659936,-0.1655755133701367,0.07961932021998158,0.05530686373686319,0.03249260257638021,3.0087694390972963,1,0,150.00000000000003,-0.2534495144920101,0.1751973218107832,0.3081083542617869,1,30.385960123013195,3.336600600570914,0.18089091493748743,24.341464176324866,38.09066157993753,0.23049889627663026,0.2919662421006161,1.635766764329626,1.2030482879607673,1,0,1,19.8,66.56771985616527
P15_triggerbot_02,P15,triggerbot,468,23.400000000000002,0.151449677110288,0.6080011319462086,0.10757331306064488,0.7879467132226298,0.049915550523797966,-0.2073909753597606,0.21331333489673507,0.16435527258013571,0.028101982664207513,0.05151733755577407,0.13187202094827577,0.013714478133018071,0,0,0.0,-0.31578125382474015,0.13019993888960815,0.34156964788163285,1,29.646045332132612,3.7625195731127388,0.34690335978588277,25.742159239007687,35.55362012466635,0.1272124694051731,0.4405425335400287,2.0336025768545136,1.2030482879607673,1,0,1,19.8,75.9238041437275
P15_triggerbot_02,P15,triggerbot,469,23.450000000000003,0.13169033467485497,0.6474184481048709,0.09579460430643473,0.7868646043425241,-0.01975934243543303,0.039417316158662286,0.0440925892484513,-0.16922074564828377,0.18732225945271355,-0.15922027678850603,0.0,2.913108144329617,0,0,0.0,-0.3515702039971854,0.0798207115002131,0.3605176199896793,0,28.617319110609348,3.551665026067459,0.20334261253912056,25.047194299056272,40.37816603248361,0.2315626747294979,0.5335426346149112,2.4023341778773544,1.2030482879607673,1,0,1,19.8,64.86361083651454
P15_triggerbot_02,P15,triggerbot,470,23.5,0.06270412672897795,0.8534091488553877,0.08644092314162607,0.7913324998922725,-0.06898620794587702,0.20599070075051668,0.21723550741635378,0.17314291816790248,0.1508600793648552,0.03646218008785834,0.09505056231470853,0.14151604085603098,0,0,0.0,-0.3578081479376011,0.026142076612622033,0.3587618693509058,0,30.4214978673239,3.849875833214397,0.3860690126240922,26.784877175051854,38.539074659077805,0.1410942383799541,0.41360825536895185,3.079048988568608,1.2030482879607673,1,0,1,19.8,75.43390150446336
P15_triggerbot_02,P15,triggerbot,471,23.55,0.04197225766753344,0.7914200142339983,0.06560643200241356,0.8052924426676212,-0.02073186906144451,-0.06198913462138938,0.06536408192493501,-0.15187142549141877,0.048204157396017744,0.10265592196883747,0.08052012112380993,2.4956838333180045,1,1,200.0,-0.3339707593004556,-0.028617147034118006,0.3351945840435003,1,24.335303176637044,4.221073960077382,0.3673218587022758,23.248755751774723,38.492581870781166,0.19949079322877694,0.548829793049375,2.2011638405209273,1.2030482879607673,1,0,1,19.8,63.864264367372826
P15_triggerbot_02,P15,triggerbot,472,23.6,0.05188561992991286,0.9293909827274321,0.04619932842989023,0.8149543968209144,0.009913362262379422,0.1379709684934338,0.13832665288497828,0.07296257096004327,0.023910986825668886,0.024293170570348858,0.04032471567552259,2.890571223526718,0,0,0.0,-0.28206167437848456,-0.0821934743156534,0.2937933889202959,1,24.945410013022023,3.650459348623253,0.35305170551025555,27.20253213318535,40.111712173102426,0.1531496417515163,0.3394671662494272,2.2384443905590774,1.2030482879607673,1,0,1,19.8,70.53165234873435
P15_triggerbot_02,P15,triggerbot,473,23.650000000000002,0.0673141956417259,0.8450266576221472,0.04872864791806064,0.823613496250548,0.015428575711813044,-0.08436432510528494,0.08576351379791618,-0.0525631390870621,0.1058245865460906,-0.08191359972042171,0.0,2.8889831889826394,0,0,0.0,-0.20644407774928997,-0.1323723154014054,0.24523781748026555,0,33.42497443532987,4.709662470014454,0.27411642666303915,30.32929575733825,37.98503644463846,0.14864916952236104,0.47904989270643106,2.2561269116558496,1.2030482879607673,1,0,1,19.8,68.90120562700221
P15_triggerbot_02,P15,triggerbot,474,23.700000000000003,-0.06222010662481263,0.6560083787280783,0.05537205287723067,0.8308204053286139,-0.12953430226653853,-0.189018278894069,0.22914415816196368,0.14338064436404752,0.018558889461255678,0.08726569708483492,0.2399570963390571,0.7816737313135582,1,1,150.00000000000003,-0.11347395761619372,-0.17707951633536437,0.21031760307365693,1,28.71372403372357,3.4209846421964576,0.2623186900582536,23.32062877189675,37.58278224591724,0.13247503468411445,0.40021600785945566,2.579737712751167,1.2030482879607673,1,0,1,19.8,76.56095388307693
P15_triggerbot_02,P15,triggerbot,475,23.75,-0.049829510175447095,0.6988607835069925,0.06316086849812548,0.8338069330684583,0.012390596449365531,0.04285240477891431,0.04460779613147177,-0.1845363620304919,0.21756083022526804,-0.19900194076401237,0.0,2.822270104765743,0,0,0.0,-0.010965857328463913,-0.21446709466770522,0.21474725777563414,0,24.855362809539496,4.446755218976876,0.3725057371879645,23.49603417697512,38.49632385530491,0.24640925899059854,0.8523803373132166,3.041666259418436,1.2030482879607673,1,0,1,19.8,71.81111243188808
P15_triggerbot_02,P15,triggerbot,476,23.8,0.0796172871967499,0.8629051727366321,0.06797410910169227,0.8291774840595786,0.129446797372197,0.16404438922963963,0.20896658820884292,0.16435879207737114,0.17567053013441264,0.0418903000908554,0.10504407706836763,0.38658724243795006,0,0,0.0,0.09246397100838821,-0.24298962623507883,0.25998758507379416,0,21.206804278948944,3.4456932402771505,0.2554342486802106,19.634744020740214,37.145633977915956,0.14891830538519688,0.32285804044328786,2.0798060230080515,1.2030482879607673,1,0,1,19.8,66.74834492384001
P15_triggerbot_02,P15,triggerbot,477,23.85,0.10028264833929115,0.7686220981548686,0.06715064921699195,0.8321889927226175,0.020665361142541246,-0.09428307458176356,0.09652126866003184,-0.11244531954881108,0.0331496723539117,0.14252085778050094,0.16507552804187905,2.2577636674095913,1,1,150.00000000000003,0.1881218000334541,-0.2614681256243891,0.3221108386337818,1,25.204572498583545,4.632685350901061,0.3611340361752602,24.651094857789793,38.979609626396346,0.1601068497664959,0.6666592620907034,2.3876103035238367,1.2030482879607673,1,0,1,19.8,71.47075036978316
P15_triggerbot_02,P15,triggerbot,478,23.900000000000002,0.020421387858977957,0.8614257140984567,0.06753809601626418,0.8250886749230508,-0.0798612604803132,0.09280361594358807,0.122435011568217,0.025913742908185156,0.0652738845079138,-0.0321242121540021,0.0,2.646783290514105,0,0,0.0,0.26796717276398324,-0.2691387798064808,0.37979216484130346,1,27.938253196194523,3.9642810975284917,0.24036117099934312,24.828047882535937,39.60945501483793,0.11707956708289878,0.29862121681366366,3.2535539808327165,1.2030482879607673,1,0,1,19.8,64.12408612892592
P15_triggerbot_02,P15,triggerbot,479,23.950000000000003,0.11240054853590437,0.8066857416428639,0.07658328444393044,0.8154923998900164,0.09197916067692641,-0.0547399724555928,0.10703565099195177,-0.01539936057626523,0.07255362142712242,-0.007279736919208621,0.0,2.8182120372778403,1,0,100.0,0.32528873800940966,-0.2656845205236439,0.42000122323825784,1,30.369348381273227,3.6035167285610537,0.3794772993575422,29.623425988214358,37.62526585371201,0.11279664026972248,0.3165278401910294,2.8671965178725074,1.2030482879607673,1,0,1,19.8,67.13818803860352
P15_triggerbot_02,P15,triggerbot,480,24.0,-0.007863857084711032,0.7877406034476157,0.10070483680739753,0.8081895802754999,-0.1202644056206154,-0.01894513819524828,0.12174746617698852,0.014711815185036753,0.011791997433401221,0.060761623993721196,0.08877088514441359,2.4485133669175267,0,0,0.0,0.35526836865732375,-0.25124813037909466,0.4351335849913526,1,29.58871959536712,3.8914559153525863,0.20082051643144117,24.560928904783182,37.25745854567969,0.10521527624789762,0.32485982941718305,1.9565134787946643,1.2030482879607673,1,0,1,19.8,75.08487053989789
P15_triggerbot_02,P15,triggerbot,481,24.05,0.10955137694702659,0.7622999433070183,0.11688715480975707,0.7996050870320744,0.11741523403173762,-0.02544066014059726,0.12013977014759554,-0.0016076960293929798,0.12531392955062742,-0.1135219321172262,0.0,2.771973310459893,0,0,0.0,0.35538614623329723,-0.22642634088517394,0.42138842032168317,0,25.87148452366322,3.4601653997723445,0.4159380180269781,25.153263694543348,37.54688217752143,0.1003750585938571,0.5676697289569889,1.9761624831800835,1.2030482879607673,1,0,1,19.8,68.18804528493222
P15_triggerbot_02,P15,triggerbot,482,24.1,0.3243279301612982,0.8470536304599673,0.13895989528983066,0.7871776662372323,0.2147765532142716,0.08475368715294898,0.23089425132866082,0.11075448118106528,0.0385196319986515,0.08679429755197593,0.240483652234326,0.5892283173157622,1,1,150.00000000000003,0.3256321710193166,-0.19224516642882372,0.37814615536588436,1,19.3396823265638,3.6743146045404966,0.32492398684606383,20.6958161626438,37.01901027617615,0.10861769458762516,0.4679341788131229,2.4237383645959607,1.2030482879607673,1,0,1,19.8,68.47942721360346
P15_triggerbot_02,P15,triggerbot,483,24.150000000000002,0.2846756361970746,0.8277870643265423,0.15288796798196755,0.7780172085663851,-0.03965229396422361,-0.01926656613342508,0.04408520145353593,-0.1868090498751249,0.18481798662445975,-0.14629835462580826,0.0,3.065152360769913,0,0,0.0,0.2685073941681739,-0.15011749373052585,0.3076223051843243,0,20.44664596046041,3.7673879466595097,0.4345842298078655,23.358443193067966,37.237760328608914,0.25027775981197325,0.6681032125274357,2.9300630424418808,1.2030482879607673,1,0,1,19.8,64.17390555738402
P15_triggerbot_02,P15,triggerbot,484,24.200000000000003,0.1071511385109459,0.739749205076994,0.16755127462827177,0.7657359578424293,-0.17752449768612868,-0.0880378592495482,0.1981555246263792,0.15407032317284328,0.13254605195479185,0.0522719346696679,0.12429567165244634,0.008083552198010047,0,0,0.0,0.1888134018710266,-0.10178467984624198,0.21450086661249593,0,27.017335115509344,4.878702279288886,0.2335631535706868,27.41914284344114,39.23087482863501,0.1235757201240216,0.41002263460038435,2.4649240120309472,1.2030482879607673,1,0,1,19.8,72.49907759698118
P15_triggerbot_02,P15,triggerbot,485,24.25,0.17227164457402103,0.713705146167532,0.19173580359862616,0.7542668398422586,0.06512050606307512,-0.026044058909462015,0.07013539273712333,-0.12802013188925587,0.08582148499747982,0.04672456695731203,0.039324550248277135,2.300763280496587,0,0,0.0,0.09324882113394974,-0.04924457277232931,0.10545316775896582,0,25.977751307534206,4.504265927458615,0.22364549034827863,25.479902330916328,39.32811321977631,0.1867572510134652,0.4579886902886658,3.1197900414552158,1.2030482879607673,1,0,1,19.8,71.02162604405878
P15_triggerbot_02,P15,triggerbot,486,24.3,0.36278913194661666,0.8248192257747452,0.2159116388271463,0.7531836193716634,0.1905174873725956,0.11111407960721319,0.22055215184106736,0.15041675910394403,0.058847250954841834,0.02697423404263799,0.0713907043484206,0.9084431759444478,1,1,200.0,-0.010153728984857875,0.005331070061622887,0.011468152436198028,1,29.817531271993822,3.8305017228326714,0.386549452342136,25.257419761424984,38.56452997659443,0.15140374039405421,0.35771436022271186,2.1205124279146843,1.2030482879607673,1,0,1,19.8,76.11328979445949
P15_triggerbot_02,P15,triggerbot,487,24.35,0.3294540173351893,0.792741312361231,0.23963157107483576,0.7504394000550294,-0.033335114611427345,-0.03207791341351416,0.046262537707327606,-0.17428961413373975,0.1438754436100258,-0.08502819265518397,0.0,2.9034031107431297,0,0,0.0,-0.11270281397750172,0.05968635188645306,0.12753189750004057,0,25.53747354952165,3.6705049903900515,0.40601722865395595,26.84138458886529,37.23316095825678,0.22685730750038036,0.5190657336031835,3.30384276395439,1.2030482879607673,1,0,1,19.8,74.01202474056252
P15_triggerbot_02,P15,triggerbot,488,24.400000000000002,0.16266239148676,0.6516079864355055,0.2669912351321072,0.7402652016403388,-0.1667916258484293,-0.14113332592572544,0.2184904165862189,0.1722278788788913,0.081580275538521,0.0622951680715048,0.16333076667901927,0.06391747299829209,0,0,0.0,-0.20577873679557132,0.11157448460609465,0.23408065732199376,0,29.507697809254626,3.6776050797956237,0.309955201326334,24.862190057726323,39.92884407918578,0.14939320069266193,0.3867067458921219,2.616319839297484,1.2030482879607673,1,0,1,19.8,77.90068534320392
P15_triggerbot_02,P15,triggerbot,489,24.450000000000003,0.23754155989765618,0.6588287110822924,0.29856802484828654,0.7183533098821138,0.07487916841089617,0.007220724646786806,0.07522651611188748,-0.1432639004743314,0.1514109618930876,-0.06983068635456659,0.0,2.535463302834047,0,0,0.0,-0.2815580609134928,0.15885066030106645,0.3232777040617724,0,27.513361072949607,5.164198642849426,0.3164546311407943,27.355114064750136,36.76582895762665,0.20241152989705824,0.5153213751445583,2.812483803730488,1.2030482879607673,1,0,1,19.8,68.99823989856594
P15_triggerbot_02,P15,triggerbot,490,24.5,0.44952244503872985,0.7396321178841718,0.32059672280557716,0.7034891739432391,0.21198088514107363,0.08080340680187943,0.22685917705921235,0.15163266094732486,0.0943012037495561,0.05710975814353149,0.15547047281390647,0.26804546926642264,0,0,0.0,-0.33367120422844887,0.1995607073579961,0.38879422379002365,0,28.319536081087186,4.955878060064519,0.31390283886913134,27.647843030994537,39.93233932169828,0.12421950303569708,0.46662101377467635,2.9790908344553775,1.2030482879607673,1,0,1,19.8,68.19516998959627
P15_triggerbot_02,P15,triggerbot,491,24.55,0.4099319907458217,0.723315257554285,0.3420778933621969,0.694109240313243,-0.03959045429290814,-0.016316860329886794,0.04282106960532259,-0.18403810745388977,0.11669046262359635,-0.022389258874040252,0.0,3.114843478873641,0,0,0.0,-0.3577378301665152,0.23202186660338936,0.4263924268961252,0,26.217666826671767,4.168338466024231,0.19387227566533063,22.586720170789118,37.663807918034365,0.24487308024871832,0.29342973230195035,1.829237531348491,1.2030482879607673,1,0,1,19.8,65.59608771465433
P15_triggerbot_02,P15,triggerbot,492,24.6,0.24460189074266322,0.598390366247117,0.36264993594733336,0.6818812496276894,-0.16533010000315848,-0.12492489130716813,0.20722034271557935,0.16439927311025676,0.0628678750939496,0.05382258752964675,0.133837620404792,0.25615209772877545,1,0,300.00000000000006,-0.35173503404181533,0.25489234854174664,0.43438190974938656,1,25.307320762422705,4.13180326782512,0.30033120010927805,23.74455938109998,37.52871159991581,0.13901003502157022,0.44807561168261345,2.3094893026717647,1.2030482879607673,1,0,1,19.8,63.785337336172105
P15_triggerbot_02,P15,triggerbot,493,24.650000000000002,0.3163109617451841,0.6079873673655863,0.3763947725483272,0.668203571613272,0.07170907100252086,0.009597001118469388,0.07234841597790846,-0.1348719267376709,0.14914170221014195,-0.08627382711619234,0.0,2.627553374325323,0,0,0.0,-0.31616737700222947,0.26722679653345954,0.4139709785311102,0,25.62754183252278,3.8750285429131797,0.2640385694661026,22.51247014541222,37.835444573948344,0.19463474841900255,0.43233189337027955,2.1484051208688313,1.2030482879607673,1,0,1,19.8,71.72648632057056
P15_triggerbot_02,P15,triggerbot,494,24.700000000000003,0.5017818449260298,0.7055762724004431,0.3979875452384986,0.6594429076200029,0.1854708831808458,0.09758890503485675,0.20957825004943914,0.13722983407153067,0.09653360510213146,0.05260809710801048,0.13230615516393357,0.35132054128858103,0,0,0.0,-0.2540244754682853,0.2685153633292984,0.3696335137413849,0,23.34883692537123,3.545033392873794,0.3305908717898976,21.752324477595334,36.78988840647506,0.11604889060773695,0.43155968557581315,2.1366108228879552,1.2030482879607673,1,0,1,19.8,67.46600046386445
P15_triggerbot_02,P15,triggerbot,495,24.75,0.4634300757755151,0.6668009547941544,0.42492490394747306,0.6525093552233774,-0.03835176915051474,-0.038775317606288766,0.05453790839813113,-0.155040341651308,0.09339746824865709,0.003136136853474372,0.002052460133265462,2.8350652773469345,0,0,0.0,-0.17052971085748195,0.2587047857239106,0.30985246237780795,0,29.072691065092187,3.535677708014101,0.34270811918486815,26.822719240194726,40.60677273573262,0.20959713925948542,0.2799770693168141,2.3008854285828,1.2030482879607673,1,0,1,19.8,63.59863508228104
P15_triggerbot_02,P15,triggerbot,496,24.8,0.3183117621090364,0.5189915759105137,0.4390633911223888,0.6408074225923162,-0.1451183136664787,-0.14780937888364068,0.20713989825084433,0.1526019898527132,0.03562862665488105,0.057768841593776044,0.14359478363764697,0.00369492533305138,1,1,200.0,-0.07270118163579589,0.23820058620268225,0.24904815012069945,1,26.85468874969188,4.189710299080755,0.45762686337336217,26.827393333152433,41.415519115377556,0.12357323293419856,0.4845263085528468,2.414763896937361,1.2030482879607673,1,0,1,19.8,75.7895975060184
P15_triggerbot_02,P15,triggerbot,497,24.85,0.3772666244475534,0.5542806299876415,0.44810533852872836,0.6273569313944273,0.05895486233851697,0.0352890540771278,0.0687094835594908,-0.13843041469135353,0.16908407006270396,-0.1334554434078229,0.0,2.8863807368729,0,0,0.0,0.03123819841218069,0.2078503105763854,0.2101846251435595,0,26.6534682468302,4.588637408570863,0.33760979945837705,26.18271793896049,37.85149251909272,0.2131490460480074,0.6573263209781957,2.4726273393878566,1.2030482879607673,1,0,1,19.8,80.80554531763914
P15_triggerbot_02,P15,triggerbot,498,24.900000000000002,0.5487106202736367,0.6998866742829941,0.45866834248587574,0.6171726531776588,0.17144399582608327,0.1456060442953526,0.22493146476238987,0.15622198120289907,0.10286712925188594,0.06621694081081801,0.17873128186394122,0.16471015089629626,0,0,0.0,0.13255187188588857,0.16890849447983722,0.21470928775415893,0,27.052857034911103,3.355832154045072,0.4748825692478683,25.055177719634766,38.744021131159315,0.12481865031301285,0.4921012247971715,2.6074538489676975,1.2030482879607673,1,0,1,19.8,80.9221568193421
P15_triggerbot_02,P15,triggerbot,499,24.950000000000003,0.5394091737820503,0.6553637287207313,0.46612171344261755,0.6088164556795685,-0.009301446491586379,-0.04452294556226277,0.04548416854660596,-0.17944729621578392,0.12294190598822878,-0.020074776736342836,0.0,2.480830478531204,0,0,0.0,0.22272398345350836,0.1229848068524384,0.2544233391847734,0,26.929529169768394,4.583140891992723,0.3489061687776558,28.40650568450079,39.41725191946595,0.22891199776374102,0.46544102930574166,2.6628923104141946,1.2030482879607673,1,0,1,19.8,66.65380128148969
P15_triggerbot_02,P15,triggerbot,500,25.0,0.38808834958318567,0.5180561335392146,0.4650990682139893,0.6021130496716116,-0.15132082419886467,-0.13730759518151664,0.20433151379744377,0.15884734525083782,0.09142005583420271,0.031521850154026074,0.07729088831602,0.6279599540333449,0,0,0.0,0.294175174567045,0.07197751390173014,0.30285276264056954,0,27.154476916464777,3.734768946866927,0.2392966115363755,26.462796523657484,38.33189593614575,0.13958327167375129,0.310589477581358,2.0185893773806365,1.2030482879607673,1,0,1,19.8,65.79187908877623
P15_triggerbot_02,P15,triggerbot,501,25.05,0.39624980949375094,0.5723942829241966,0.46017002435390897,0.6062638920096362,0.00816145991056529,0.054338149384981924,0.05494764696014176,-0.149383866837302,0.1139138994685396,-0.022493843634336888,0.0,2.4567648904147457,0,0,0.0,0.3408996615455271,0.01799501383239687,0.3413742810533375,0,20.743290061590496,3.6158839162601346,0.43929486528000766,22.076073982021356,38.668602396850865,0.20023789394754987,0.44826974584762863,2.156254469735198,1.2030482879607673,1,0,1,19.8,64.22976657423195
P15_triggerbot_02,P15,triggerbot,502,25.1,0.562693562927412,0.7051199054974912,0.4531374220257023,0.6044140768041482,0.16644375343366108,0.13272562257329454,0.21288403872661285,0.1579363917664711,0.06527991773662105,0.048633981731918546,0.12424078140536554,0.748547022537085,1,0,300.00000000000006,0.35897004784001263,-0.036731314279222084,0.3608444051041112,1,25.14765839509494,3.888977251578927,0.33316194394567245,22.345590678003887,36.69603374091385,0.14593471033191233,0.4097106377907065,2.3172548507314743,1.2030482879607673,1,0,1,19.8,71.90155031307489
P15_triggerbot_02,P15,triggerbot,503,25.150000000000002,0.5210484968062055,0.6815056776363384,0.44349433299475033,0.6095400563547719,-0.04164506612120652,-0.02361422786115279,0.04787424453417628,-0.16500979419243655,0.15278731615773777,-0.08750739842111672,0.0,2.984254923729248,0,0,0.0,0.3468674388117254,-0.0899393450532955,0.3583379771897221,0,31.011053408164283,3.5498180560131227,0.3732211723476937,26.65924951179797,37.3089301275457,0.2381603208577718,0.456226922161998,2.0109330379015775,1.2030482879607673,1,0,1,19.8,73.73901003375757
P15_triggerbot_02,P15,triggerbot,504,25.200000000000003,0.3670629985924704,0.539484920248406,0.4333039666336053,0.6063099746097962,-0.1539854982137351,-0.14202075738793243,0.2094789468876865,0.1616047023535102,0.11555732918714531,0.03722998697059246,0.09358678155890399,0.22917142461456086,0,0,0.0,0.30560911143906616,-0.13942971228022513,0.33591304479153816,0,23.6589716838404,3.383072326095349,0.4002516740377232,22.435383178857276,35.56439291446782,0.1368069548710688,0.3623156562345696,2.9934647018542178,1.2030482879607673,1,0,1,19.8,68.81176428165575
P15_triggerbot_02,P15,triggerbot,505,25.25,0.38546778345841837,0.5915165505508289,0.41922262517904424,0.6109630743568368,0.01840478486594796,0.0520316303024229,0.05519082041327018,-0.15428812647441634,0.088485892437153,0.02707143674999231,0.017929137647976337,2.655783791576269,0,0,0.0,0.23866300775879853,-0.18315672022955995,0.30084284175915776,0,22.33972144356677,4.074604875146322,0.2849321549069395,23.003838351498747,38.0403180961987,0.21267602726245952,0.3598672972915654,1.9550755472300614,1.2030482879607673,1,0,1,19.8,67.23989179522174
P15_triggerbot_02,P15,triggerbot,506,25.3,0.5276836592986075,0.7472992361205024,0.4054103078537177,0.6092725667473131,0.1422158758401891,0.15578268556967353,0.21093506219756794,0.15574424178429777,0.026701692650971012,0.06178419978618199,0.15638944829670315,0.39991534126050876,1,1,200.0,0.15165623923990404,-0.21931290295430644,0.26664164022642084,1,31.827491887554157,3.7735440085809646,0.39118458807175904,29.23432753799122,39.95169047027435,0.15606560366880703,0.4476518152900437,2.22209819672812,1.2030482879607673,1,0,1,19.8,70.06550245786913
P15_triggerbot_02,P15,triggerbot,507,25.35,0.4901731324788655,0.7143457510213761,0.38900462264156194,0.60888993027694,-0.037510526819742006,-0.03295348509912628,0.04992966855961415,-0.1610053936379538,0.19593113880193463,-0.16922944615096364,0.0,3.0315158425234054,0,0,0.0,0.05190210356659487,-0.24640373631222043,0.25181070196331967,0,22.221306447771873,3.8307866499871723,0.35857420012753277,21.68997801763853,36.03231058030474,0.222118747313393,0.6946388952792737,2.0077922012498126,1.2030482879607673,1,0,1,19.8,67.97898382543057
P15_triggerbot_02,P15,triggerbot,508,25.400000000000002,0.33134609710947716,0.582862763548075,0.37399888074812,0.6062188446098867,-0.1588270353693884,-0.13148298747330112,0.20618875614138907,0.15625908758177492,0.1587069143273777,0.03722422447455692,0.09210259851284093,0.02933020089435079,0,0,0.0,-0.052214629871022336,-0.2633094144655254,0.26843661322320717,0,30.096162389241208,5.0407946574374085,0.25147995291754005,29.36602045998224,38.9003632147227,0.12306227233723818,0.4553364399707477,2.6997302362749482,1.2030482879607673,1,0,1,19.8,64.70840663266883
P15_triggerbot_02,P15,triggerbot,509,25.450000000000003,0.33357183000921503,0.6572470263357155,0.3527700000294136,0.6144156820846515,0.0022257328997378747,0.07438426278764053,0.07441755463196664,-0.13177120150942243,0.0381388290918677,0.12056808523551002,0.10766858483862214,2.292195758664239,1,1,150.00000000000003,-0.1519424963478387,-0.2693311373131832,0.3092341891234307,1,23.433683736286373,3.912360283988854,0.2967370642891469,22.843755503268344,37.12264967247214,0.18923319400802135,0.5603090520783957,2.3359678551380543,1.2030482879607673,1,0,1,19.8,64.05623952862022
P15_triggerbot_02,P15,triggerbot,510,25.5,0.34044707395886203,0.5145677986050802,0.3338822779455506,0.6209254184756274,0.006875243949646987,-0.14267922773063535,0.14284477941170148,0.06842722477973484,0.036322934565687116,0.0018158945261805837,0.0031126926363261795,3.0635298049999267,0,0,0.0,-0.2388989345140777,-0.2642199955540603,0.3562090775970613,1,29.13288451263922,3.948977684132422,0.23897077275177572,24.189755662074568,39.24359997407553,0.1640053915815084,0.2189580900728465,2.833481180487966,1.2030482879607673,1,0,1,19.8,67.03691524604032
P15_triggerbot_02,P15,triggerbot,511,25.55,0.30599079914862237,0.5951793239163581,0.30907458512820585,0.6295675272362311,-0.03445627481023969,0.08061152531127791,0.0876667148170248,-0.05517806459467668,0.11920222582094683,-0.08287929125525972,0.0,2.7858100812453683,0,0,0.0,-0.3057748771707846,-0.24818725941022754,0.39382126814377105,0,24.58541570917418,3.9980947386282293,0.24322708352960465,24.45360886211661,36.68670269991486,0.13546490907895611,0.4369727273591105,2.2411882549278372,1.2030482879607673,1,0,1,19.8,63.68014750271549
P15_triggerbot_02,P15,triggerbot,512,25.6,0.23297444602287531,0.8081984130695361,0.2888591895403262,0.6486216639806188,-0.07301635312574706,0.21301908915317802,0.22518552388515875,0.13751880906813396,0.05612108123793727,0.06308114458300956,0.17045952708240542,0.07371362426265371,1,1,150.00000000000003,-0.3469491101884565,-0.22189564572365708,0.4118390008870948,1,26.280946632501806,4.2422715836972165,0.2118332445633802,22.99904868162881,38.860301379352286,0.1239554984525864,0.37629815685629375,2.037442501848063,1.2030482879607673,1,0,1,19.8,67.66202404853478
P15_triggerbot_02,P15,triggerbot,513,25.650000000000002,0.24090537160349562,0.7533824706603516,0.2620945941679067,0.6729658114794524,0.0079309255806203,-0.05481594240918451,0.05538670528901652,-0.16979881859614224,0.138332351822742,-0.08221127058480474,0.0,2.9550601057909605,0,0,0.0,-0.358960760026985,-0.18643192440289263,0.40448694623648435,0,19.93538320021669,3.7491354103095706,0.3960275539508529,23.687846266272636,39.19006493091307,0.23250427999149878,0.49314389212046583,2.4158383539171866,1.2030482879607673,1,0,1,19.8,78.49908420955578
P15_triggerbot_02,P15,triggerbot,514,25.700000000000003,0.25527743508413614,0.5231374223201162,0.24539546229095088,0.6991155738707849,0.014372063480640525,-0.23024504834023546,0.23069316958655045,0.17530646429753394,0.054452336970519925,0.08388001485222207,0.23220655789471245,0.08134605679300799,1,1,100.0,-0.34080019522386146,-0.14326199653852698,0.3696873986448916,1,32.98767316808731,4.292237490523148,0.31392923709480236,28.059351477994817,38.83316767951794,0.13346780745985487,0.5195971243067415,2.376912850458605,1.2030482879607673,1,0,1,19.8,71.36395853434622
P15_triggerbot_02,P15,triggerbot,515,25.75,0.25646759859570345,0.5530921509383333,0.2331347229554831,0.7249757726785152,0.0011901635115673104,0.029954728618217075,0.029978363127017113,-0.20071480645953332,0.20304930282030578,-0.14859696584978585,0.0,3.039541244350131,0,0,0.0,-0.29399389031410494,-0.0941703010439045,0.3087077147411797,0,26.03464922547508,3.466573362474375,0.3292671819269311,22.26407314916875,37.672404381015454,0.2516907014525746,0.6240834672140053,3.088320299580946,1.2030482879607673,1,0,1,19.8,66.3863484517284
P15_triggerbot_02,P15,triggerbot,516,25.8,0.22963060262361998,0.7519330352970107,0.2264016851371033,0.7480526142262154,-0.026836995972083465,0.19884088435867744,0.2006437680202068,0.1706654048931897,0.19726515505158443,0.005784147768721354,0.01392663843722309,0.1738679785687851,0,0,0.0,-0.22247611899999076,-0.04118605446157907,0.22625630291200777,0,26.693523030345386,4.958249253862107,0.3654101012927839,26.722557097325314,37.30148647986984,0.13760831856712674,0.3865657967757191,3.093408116455765,1.2030482879607673,1,0,1,19.8,72.28593005483208
P15_triggerbot_02,P15,triggerbot,517,25.85,0.039990220026286855,0.9624049586181218,0.2140479160186919,0.7608312196202723,-0.18964038259733312,0.21047192332111112,0.283305321549297,0.08266155352909019,0.01794429731357969,0.17932085773800474,0.6096306391435341,0.5992244116301271,1,1,150.00000000000003,-0.1322582613182072,0.013500627169966382,0.13294553253455949,1,25.582143489545704,3.5326408003237697,0.47828698382312074,24.78446180263407,37.5548754970435,0.09996471816473815,0.7807784041648135,2.462825912588423,1.2030482879607673,1,0,1,19.8,67.01233354194059
P15_triggerbot_02,P15,triggerbot,518,25.900000000000002,0.035784940036675525,0.9358592723865892,0.20024220677883114,0.7710461248926691,-0.004205279989611328,-0.02654568623153267,0.026876715522809118,-0.25642860602648787,0.24959748096265533,-0.23165318364907564,0.0,2.2511010491110266,0,0,0.0,-0.03092352097680377,0.06762925726729917,0.07436383925087085,0,28.721322736578653,3.4879192873243943,0.2196482346476886,23.33392100639931,38.484966617841735,0.2765585385160313,0.7504807289919363,1.6332994447231055,1.2030482879607673,1,0,1,19.8,71.43784352499503
P15_triggerbot_02,P15,triggerbot,519,25.950000000000003,0.16546553844231127,0.7753201611167375,0.1822632119994803,0.7822863631540564,0.12968059840563576,-0.1605391112698516,0.2063731180414677,0.1794964025186586,0.21222752556478894,0.03736995539786639,0.09254585059833917,0.8365788337502575,0,0,0.0,0.07301047593045415,0.11896241643570066,0.13958003481806588,0,28.216107302338752,4.428679314108048,0.38911737656413825,27.30288934792191,38.22526812102673,0.16545802060884257,0.4109366039633244,3.1852691342446056,1.2030482879607673,1,0,1,19.8,77.17550694176074
P15_triggerbot_02,P15,triggerbot,520,26.0,0.30500675421866463,0.8380268817575288,0.16909848754153367,0.7863438616753953,0.13954121577635334,0.06270672064079132,0.15298327919699278,-0.05338983884447493,0.011606907131725153,0.20062061843306378,0.368299200989025,1.3136645609882873,1,1,150.00000000000003,0.17080762447942066,0.16537823671530485,0.2377503012813363,1,30.1399705728783,3.4877409079094086,0.25243608429562636,29.562961138676215,37.42835291723035,0.09540153029691655,0.6622949892308838,2.75434416926946,1.2030482879607673,1,0,1,19.8,64.51167707508874
P15_triggerbot_02,P15,triggerbot,521,26.05,0.19388478278017146,0.8231382625689844,0.14364205536282038,0.7843918850525502,-0.11112197143849319,-0.014888619188544477,0.11211495670836603,-0.04086832248862675,0.1700449320279213,-0.15843802489619613,0.0,2.8524475792113897,0,0,0.0,0.25424764856766363,0.20495810948202,0.3265726465040051,0,23.92185553176228,3.96406216457412,0.3287447905634429,22.619781492989,36.931379078152,0.12874191634538107,0.6615770117228993,1.9933963723001396,1.2030482879607673,1,0,1,19.8,70.18773136404245
P15_triggerbot_02,P15,triggerbot,522,26.1,-0.027265493149482428,0.7286843084888551,0.12625221852317323,0.7855713658025034,-0.2211502759296539,-0.09445395408012928,0.24047659758307713,0.12836164087471108,0.07736559623398784,0.09267933579393345,0.2674465360558153,0.2704593449862327,1,0,100.0,0.31631705090844464,0.23606599157699834,0.3946943489266688,1,31.547813203432053,5.52776988110776,0.2940238754655407,31.769443787170754,39.39589753977786,0.11134706993728492,0.5798389735255699,3.0340104863794526,1.2030482879607673,1,0,1,19.8,65.6075700860666
P15_triggerbot_02,P15,triggerbot,523,26.150000000000002,0.008621328164236261,0.7490509909530767,0.11234880796209802,0.7946241259788992,0.03588682131371869,0.02036668246422152,0.04126336993752694,-0.1992132276455502,0.15440276100347228,-0.07703716476948444,0.0,3.029044604177621,0,0,0.0,0.35179862801143386,0.2574160315275131,0.43591890066628314,0,23.458705927070206,3.5916081161684454,0.3008447896062836,21.997145351022084,38.86184672627487,0.2564641364017166,0.406967118099845,1.9832546041619288,1.2030482879607673,1,0,1,19.8,68.5402228340741
P15_triggerbot_02,P15,triggerbot,524,26.200000000000003,0.2095359310512767,0.8581624219206151,0.09902913358018665,0.8025391957146761,0.20091460288704044,0.10911143096753839,0.22863066728031273,0.1873672973427858,0.10504551075008935,0.04935725025338293,0.1354149727266279,0.018688730426851596,0,0,0.0,0.35770999884953064,0.2681257205137822,0.4470434489822729,0,26.189247649098064,3.572807934175562,0.26144857288128703,22.569619867616396,38.68476821079733,0.14974873188794505,0.3063371452501943,2.3344431001803443,1.2030482879607673,1,0,1,19.8,70.83004855633267
P15_triggerbot_02,P15,triggerbot,525,26.25,0.16305786732718253,0.8681798160498782,0.08480462096223496,0.8175655942869283,-0.046478063724094174,0.010017394129263037,0.04754533197572557,-0.18108533530458715,0.13117165139788384,-0.02612614064779449,0.0,2.4318004699391897,0,0,0.0,0.33355428696821765,0.2677523710743666,0.4277263080181314,0,28.43019823468327,4.313784461624824,0.2809170319391344,26.253444662684114,36.8698308902299,0.21953955797094366,0.41206023852810364,3.02590130558033,1.2030482879607673,1,0,1,19.8,68.4741977593163
P15_triggerbot_02,P15,triggerbot,526,26.3,-0.06839698123090324,0.8257078977779541,0.0699561763927875,0.839464194627178,-0.23145484855808576,-0.04247191827192406,0.2353193803381766,0.187774048362451,0.09742952205843691,0.033742129339446925,0.09528212360939109,0.39376309072914406,0,0,0.0,0.28136188511474597,0.25631141569435334,0.38060485048218595,0,27.00357019566373,4.72040916418403,0.26797430453466087,25.95293581881689,35.601224992795345,0.1548004130397048,0.40021728339225154,2.20046439465064,1.2030482879607673,1,0,1,19.8,72.3026894715735
P15_triggerbot_02,P15,triggerbot,527,26.35,-0.01583274041332558,0.8728135289162141,0.05227739137089779,0.8666177744759914,0.05256424081757766,0.04710563113826004,0.07058285838404471,-0.16473652195413188,0.12742025825702494,-0.029990736198588025,0.0,2.592387654752978,0,0,0.0,0.20551979188825892,0.2342757689000326,0.31164646757422865,0,34.809818451307976,4.689574789182516,0.3298198363668101,29.030414256973554,38.765224305531966,0.22727858411920326,0.40923659305615934,2.9034581594656292,1.2030482879607673,1,0,1,19.8,67.41380905225608
P15_triggerbot_02,P15,triggerbot,528,26.400000000000002,0.1757995193444149,0.9660857468701598,0.025391106872188936,0.891406956848829,0.19163225975774048,0.09327221795394569,0.21312585394997594,0.14254299556593122,0.0452230156812299,0.08219724257579504,0.21022029019559563,0.2777145014550518,1,1,300.00000000000006,0.1124028654084186,0.20255627922800784,0.2316537295333657,1,26.354718044557938,3.8321596788451457,0.2657550311798915,23.260571312413553,38.657008220709905,0.12371219441668654,0.41998386773195545,1.8476293308205973,1.2030482879607673,1,0,1,19.8,73.68848147927366
P15_triggerbot_02,P15,triggerbot,529,26.450000000000003,0.11628372636119774,0.9698675319824515,0.004399179347736447,0.9145792208223594,-0.05951579298321716,0.00378178511229163,0.059635824074600594,-0.15349002987537536,0.17897206144113584,-0.13374904575990593,0.0,2.6251640821163233,0,0,0.0,0.009837988737083015,0.16246407909111035,0.16276167551765228,0,25.464286775896987,3.320254839589608,0.3182125369706815,22.179625385484123,36.356125681738455,0.20836119424661514,0.5588937347678009,1.8224419263715437,1.2030482879607673,1,0,1,19.8,67.0225694731371
P15_triggerbot_02,P15,triggerbot,530,26.5,-0.11223078968360789,0.9412367339654151,-0.021623642812613225,0.9496822633433638,-0.22851451604480563,-0.028630798017036406,0.23030112166093344,0.17066529758633286,0.13937678265218323,0.03959527878895261,0.10942604541087783,0.18809869543073932,0,0,0.0,-0.09355381371799305,0.11565638881805576,0.14875723960740275,0,20.58335695058701,3.3536984157991867,0.10382724783030398,17.111330995132743,37.29035407118677,0.13448560620257352,0.21371502578800408,1.779132796922117,1.2030482879607673,1,0,1,19.8,66.67627785547658
P15_triggerbot_02,P15,triggerbot,531,26.55,-0.10310960932990451,1.0,-0.042455498139339784,0.9856134342295232,0.009121180353703375,0.077515425634101,0.07805022192332721,-0.15225089973760625,0.08269149192279764,0.05668529072938559,0.053091594254602414,1.8125685173726276,0,0,0.0,-0.1890820108368425,0.06406801506939037,0.1996414720869275,0,28.362150163023056,3.404322898790082,0.3174230569297279,23.705462012880552,39.19036507910755,0.1784218668092424,0.4084296622000503,1.9003592697235838,1.2030482879607673,1,0,1,19.8,81.75450652291512
P15_triggerbot_02,P15,triggerbot,532,26.6,0.07502158716887605,0.9703928770501495,-0.01790371220058535,0.9577865269250265,0.17813119649878056,-0.029607122949850448,0.18057492875660988,0.10252470683328267,0.0950895483986733,-0.012398056475875663,0.0,1.6183695535006686,0,0,0.0,-0.2687170417627771,0.009831375158453079,0.26889682867457615,0,28.44772971038217,4.729039753114356,0.24374884204909525,27.179521900361237,35.45841071767797,0.13619092353828158,0.3490497933119164,2.180368195996413,1.2030482879607673,1,0,1,19.8,66.05851212756434
P15_triggerbot_02,P15,triggerbot,533,26.650000000000002,0.017635081540668465,0.9561648330505553,-0.04418600069601672,0.9881007077450478,-0.05738650562820759,-0.014228043999594205,0.05912400751192945,-0.12145092124468043,0.12051562667341241,-0.02542607827473911,0.0,2.733855757136231,0,0,0.0,-0.32576523544966496,-0.044811646909521156,0.32883289422793344,0,25.211513450598925,4.508140374566787,0.2970104572475551,25.51516659425797,39.1584617025767,0.18987003426015278,0.4204317634438991,2.390023379114392,1.2030482879607673,1,0,1,19.8,67.69078836195955
P15_triggerbot_02,P15,triggerbot,534,26.700000000000003,-0.17047216617619126,1.0,-0.017903752862276277,0.9735704056161469,-0.18810724771685974,0.06724405156661713,0.19976510985331222,0.14064110234138277,0.03957224667688207,0.08094337999653034,0.19403595836286333,0.5863533747692653,1,1,300.00000000000006,-0.3554314428547145,-0.09760236922920641,0.3685888401036289,1,33.15151270641901,4.06742503247012,0.2392307097100241,26.07605665346273,37.71795618520403,0.14757689536135732,0.4199084692350191,2.51565990443613,1.2030482879607673,1,0,1,19.8,74.76191836811259
P15_triggerbot_02,P15,triggerbot,535,26.75,-0.10767162721165438,1.0,-0.04150792458110924,0.983469969322136,0.06280053896453688,0.02485335765147136,0.06753959639195561,-0.1322255134613566,0.13001929673862186,-0.0904470500617398,0.0,2.421434430086984,0,0,0.0,-0.355222090091579,-0.1463586751320957,0.3841921330212947,0,33.16539410079032,3.912087869245886,0.2992381037031192,26.566856793665092,38.27223196344947,0.18692369022078625,0.46035479881986036,2.944249905014856,1.2030482879607673,1,0,1,19.8,69.22512253760851
P15_triggerbot_02,P15,triggerbot,536,26.8,0.11369408513701204,0.9998454216570335,-0.021257223597641123,0.9824969054161619,0.22136571234866642,-0.00015457834296649098,0.22136576631922253,0.15382616992726691,0.08816919797739102,0.041850098761230844,0.11117015019378013,0.37753607324992644,0,0,0.0,-0.32515477417142813,-0.18906521148169222,0.37612668259389603,0,29.328993166663636,3.6509071641889697,0.3559615014397404,28.062785813275678,38.1678219199172,0.13884823543383684,0.34084080938747874,2.7298673126635706,1.2030482879607673,1,0,1,19.8,65.56979747578761
P15_triggerbot_02,P15,triggerbot,537,26.85,0.048720197733948464,0.9543094872928825,-0.02989514974235246,0.9875290109840443,-0.06497388740306358,-0.04553593436415104,0.0793418386646179,-0.14202392765460464,0.14411648880370015,-0.05594729082630913,0.0,2.52960855315619,0,0,0.0,-0.26775678389756985,-0.2239566937596431,0.3490706175015601,0,28.247387746941516,3.7650856512639197,0.4483822830462585,25.046662202983732,37.93307952521279,0.19226432670516713,0.4399089939867186,2.165035923977012,1.2030482879607673,1,0,1,19.8,65.01567522207218
P15_triggerbot_02,P15,triggerbot,538,26.900000000000002,-0.16541984358435663,1.0,-0.013983121297745468,0.9875377992799066,-0.2141400413183051,0.07610373891213448,0.2272613833721245,0.14791954470750662,0.07096356061456754,0.0731529281891326,0.1994980278958075,0.9527564423002932,1,0,200.0,-0.18785267023877392,-0.24959087450803627,0.312384747312547,1,23.35337120978398,5.17411622124595,0.29266071480435946,24.012450514750856,37.475892437960056,0.15866444455237352,0.5208816260166698,2.9991141848622673,1.2030482879607673,1,0,1,19.8,64.83949137410946
P15_triggerbot_02,P15,triggerbot,539,26.950000000000003,-0.11087224033669305,1.0,-0.03441483373261994,0.9778487390235678,0.05454760324766358,0.016722929109836752,0.057053460702021774,-0.17020792267010273,0.13286455873971673,-0.06190099812514918,0.0,2.502644173129367,0,0,0.0,-0.09215872181635992,-0.26490815896026815,0.28048094889055103,0,29.159215915987616,4.300524510452957,0.32818840622076817,29.55581308761503,37.74406863001474,0.20937171051159043,0.4867462048851869,2.2302567325937743,1.2030482879607673,1,0,1,19.8,65.62525633625778
P15_triggerbot_02,P15,triggerbot,540,27.0,0.09257653006040503,0.9943317052573173,-0.01778554252931963,0.9869902621106694,0.20344877039709808,-0.0056682947426827494,0.2035277173786928,0.14647425667667102,0.09399141763283679,0.038873141106879935,0.09494114012187725,0.325331679850589,0,0,0.0,0.011281568394315876,-0.269275403634862,0.26951162644337534,0,20.329193127195186,3.9171975062331343,0.2022898587790612,19.516922732844954,38.802133831227394,0.13015334178922985,0.2734431516182695,2.5577441433680015,1.2030482879607673,1,0,1,19.8,67.84594309904165
P15_triggerbot_02,P15,triggerbot,541,27.05,0.02342836736897505,0.966126072771736,-0.032838154052344595,0.9751769916946564,-0.06914816269142998,-0.02820563248558126,0.07467948920227124,-0.12884822817642155,0.1268690113572592,-0.03287759372442241,0.0,2.726439450603286,0,0,0.0,0.11377359366633333,-0.26251208746710797,0.2861066701111501,0,27.08608024604181,4.207498268721066,0.2766430598020302,23.912300487939596,39.64659656257679,0.2029819776740681,0.3691644451807018,1.992893031645742,1.2030482879607673,1,0,1,19.8,68.28927175893487
P15_triggerbot_02,P15,triggerbot,542,27.1,-0.14691152281952674,1.0,-0.011457381166254652,0.9911681414898228,-0.1703398901885018,0.0813523620714813,0.18876939636508944,0.1140899071628182,0.04294322596806931,0.08392578538918989,0.19011143816860104,0.8328575405536007,1,1,200.0,0.2067024530692058,-0.24489777368886845,0.320469692268382,1,26.68942526794704,4.213474142660147,0.3817920301447758,24.11591105242987,37.2752608242698,0.11418563667795675,0.5442428630347566,2.6661392559757493,1.2030482879607673,1,0,1,19.8,64.14495805061068
P15_triggerbot_02,P15,triggerbot,543,27.150000000000002,-0.07114711405494173,0.9896084241725924,-0.04671549600351179,0.970185468122061,0.07576440876458501,-0.010391575827407584,0.07647372413858167,-0.11229567222650777,0.10453779269152487,-0.06159456672345556,0.0,2.8323404151313425,0,0,0.0,0.2822570713976822,-0.21716055401798243,0.35612885389335325,0,27.5172718825554,4.172451535413679,0.2891883685251459,24.781701652138413,40.13497938233609,0.19198247425837123,0.4028642889433024,2.236824742441793,1.2030482879607673,1,0,1,19.8,78.61525796089784
P15_triggerbot_02,P15,triggerbot,544,27.200000000000003,0.15403682276898611,0.9948607301708248,-0.020161115937050673,0.9939162695252457,0.22518393682392784,0.00525230599823231,0.22524518223887008,0.1487714581002884,0.05116766103370338,0.05337013165782149,0.1442563803765419,0.15962621926478887,1,1,100.0,0.3340867540487965,-0.18044695281938608,0.3797039136125184,1,28.30099751195036,3.954619006569011,0.2373246465788749,23.517932663898,38.1806160312568,0.1338872543878325,0.46416112217021915,3.1244438481750505,1.2030482879607673,1,0,1,19.8,72.03120423872642
P15_triggerbot_02,P15,triggerbot,545,27.25,0.10503847782815098,0.9697874158165205,-0.05335028431408278,0.9624120503260076,-0.04899834494083513,-0.02507331435430423,0.05504097473383645,-0.17020420750503362,0.20991028799931585,-0.15874262696561248,0.0,2.691935187509333,0,0,0.0,0.357834990551495,-0.13627453525635133,0.382905509783188,0,26.783712988870338,4.149151279289821,0.29784343451422995,24.482814217000225,36.134408217585225,0.21590665084159932,0.7141025485339305,3.286104903952397,1.2030482879607673,1,0,1,19.8,74.8552705334431
P15_triggerbot_02,P15,triggerbot,546,27.3,-0.111739592461886,0.9918950415773219,-0.020723026384870398,0.9828567453096728,-0.21677807029003698,0.022107625760801403,0.21790245266047803,0.16286147792664157,0.12643877299041767,0.08347151500889818,0.2182637741726978,0.5746091484717986,0,0,0.0,0.351505638238077,-0.08646917838487043,0.3619849893624215,0,28.09344896975524,4.7001251601437035,0.44396366158847905,28.498259630141007,37.33942504749816,0.15602207703186755,0.5960584540739805,2.6458685279250647,1.2030482879607673,1,0,1,19.8,78.20838674953994
P15_triggerbot_02,P15,triggerbot,547,27.35,-0.10802134516262618,0.9028009832470932,-0.050012507315228716,0.9584149967527218,0.0037182472992598192,-0.08909405833022861,0.08917161315535697,-0.12873083950512104,0.07022212217072274,0.05621665081969493,0.06015515327740341,1.7141375854224523,1,0,150.00000000000003,0.31563070672576926,-0.03308959810489486,0.3173604646627428,1,23.81913293999503,3.491916168976735,0.19848408817975755,21.97505100771895,39.003270576577805,0.16044271215144112,0.29552250535629143,1.9801457266590876,1.2030482879607673,1,0,1,19.8,67.03390365065171
P15_triggerbot_02,P15,triggerbot,548,27.400000000000002,0.03190123733323216,0.9808926666996648,-0.022869668270700694,0.9855825527142744,0.13992258249585834,0.07809168345257154,0.1602393213813854,0.07106770822602844,0.11875856314791207,-0.04853644097718933,0.0,2.0381320295304017,0,0,0.0,0.25322564019226496,0.021657748335609323,0.2541501188544893,0,23.73669602491216,4.353239318233609,0.4168423011892868,24.8305239761582,37.859811015050596,0.12398702050743915,0.48191801741511126,2.6993447944781477,1.2030482879607673,1,0,1,19.8,64.52026085925493
P15_triggerbot_02,P15,triggerbot,549,27.450000000000003,-0.05466904123897309,0.9969170923459238,-0.03922867445339733,0.9626816206515866,-0.08657027857220526,0.01602442564625911,0.08804087317468919,-0.07219844820669623,0.07342415507814115,0.04533440806977092,0.04789537045584369,2.449515630661053,1,0,100.0,0.1695358561646424,0.07550986675935167,0.18559134274931405,1,28.347463016696928,3.9982881263036445,0.27650418391253007,24.709555874027025,37.54270328723281,0.15918465733994802,0.415198176308144,2.5406961163441326,1.2030482879607673,1,0,1,19.8,63.785729807113825
P15_triggerbot_02,P15,triggerbot,550,27.5,0.07336831804468322,0.945870325612355,-0.026821919881009217,0.987811545558696,0.1280373592836563,-0.051046766733568866,0.1378380853258035,0.04979721215111431,0.0292980059085864,0.04412614916955475,0.07298716697198665,2.945250601815202,0,0,0.0,0.07159584533988789,0.12624076744534946,0.14512992949465645,1,22.884898661342728,3.638970592517481,0.3492116164243459,22.38165256309782,39.23737725933785,0.1345739223391976,0.35710979110997004,2.70757148049851,1.2030482879607673,1,0,1,19.8,76.53525382190806
P15_triggerbot_02,P15,triggerbot,551,27.55,-0.02764316797256633,0.9377308049760841,-0.041404916833599176,0.9542965573858344,-0.10101148601724955,-0.008139520636270901,0.10133889728826381,-0.03649918803753968,0.11508213078634655,-0.08578412487776015,0.0,2.681812715863428,0,0,0.0,-0.03236210798332532,0.17175347692685264,0.1747757502332269,0,21.12943706546861,3.83504198883876,0.3134507376424075,20.55047779248795,39.82874441908501,0.1370383322538068,0.44500098962264895,2.591728185148927,1.2030482879607673,1,0,1,19.8,70.15540759617281
P15_triggerbot_02,P15,triggerbot,552,27.6,-0.09930992075011087,1.0,-0.02869811364356755,0.9901038187152714,-0.07166675277754454,0.19703848429160833,0.20966708789319335,0.10832819060492954,0.052383637507277696,0.06269849327906885,0.15774972601335985,1.302358308240894,1,1,150.00000000000003,-0.1335998852397848,0.2101667168726554,0.24903609822094983,1,24.367891290716997,4.157328490583911,0.3110780174635371,25.612963212261857,38.113775421069874,0.1375472397018319,0.42776597964572105,2.295935737243251,1.2030482879607673,1,0,1,19.8,71.6856046002521
P15_triggerbot_02,P15,triggerbot,553,27.650000000000002,0.008772623688094672,1.0,-0.03278972464255693,0.9558274002314381,0.10808254443820554,0.012096910062175496,0.10875739811750297,-0.10090968977569038,0.07985083005517846,-0.02746719254790076,0.0,1.8081817600534449,0,0,0.0,-0.22360801050517817,0.23989266716032367,0.3279466940211133,1,27.493106916782995,5.059745010368659,0.29766350230100613,25.42221752806428,36.15658914863414,0.14336008833627592,0.41575956532598635,2.4698906967871914,1.2030482879607673,1,0,1,19.8,67.52635161550398
P15_triggerbot_02,P15,triggerbot,554,27.700000000000003,-0.07921269538519828,0.9194513372621067,-0.034449132990407014,0.9807329278070464,-0.08798531907329295,-0.08054866273789327,0.11928748233277472,0.010530084215271754,0.04732166862299018,0.03252916143218828,0.046563861235705634,2.5117504009641056,1,1,100.0,-0.29482090899411095,0.25970259878673146,0.3928928711451709,1,30.23142367885909,3.7282409063506665,0.3264667956129219,27.214131181388606,38.813097076596044,0.1009959345421837,0.3660476644643268,2.42657894144504,1.2030482879607673,1,0,1,19.8,72.84172901384468
P15_triggerbot_02,P15,triggerbot,555,27.75,0.006930259437586073,0.9769950377705998,-0.03102818030802749,0.9565625039683621,0.08614295482278435,0.0575437005084931,0.10359481711848047,-0.015692665214294257,0.06081929124481454,-0.013497622621824364,0.0,2.989218106535951,0,0,0.0,-0.34125282655814326,0.2687776636644803,0.4343902900835362,1,29.355864845702044,3.356150407976198,0.2992862670768629,23.469183410866176,38.51907926897257,0.11861352472048421,0.2264532419995157,2.8194731293926067,1.2030482879607673,1,0,1,19.8,66.40876128388363
P15_triggerbot_02,P15,triggerbot,556,27.8,-0.12793875191238874,0.9882730160236125,-0.044692478506087485,0.9674155100477684,-0.1348690113499748,0.011277978253012638,0.135339731845438,0.03174491472695752,0.05250404197958182,0.008315249265232721,0.013504603269414862,2.4692383099806756,1,1,100.0,-0.35900095838133905,0.2667427418962221,0.44725091221039953,1,25.775275410317303,5.204358474345563,0.2575748829738998,26.923341570528148,38.572834796857855,0.11131682127061339,0.3717272355545026,3.145547711007745,1.2030482879607673,1,0,1,19.8,74.28555749603468
P15_triggerbot_02,P15,triggerbot,557,27.85,-0.03804916245345463,0.9556412902599594,-0.03415193271824797,0.9594385101604586,0.0898895894589341,-0.03263172576365312,0.09562932510171751,-0.03971040674372048,0.09811929567076351,-0.04561525369118169,0.0,2.8767937298692905,0,0,0.0,-0.346573496716193,0.25368194744203076,0.42949705363840424,0,27.689389062825647,3.343570120338836,0.35710787017914947,24.950268576406888,40.2901006090721,0.13939200953451555,0.38915110159556177,2.3210114022237858,1.2030482879607673,1,0,1,19.8,68.04441871065835
P15_triggerbot_02,P15,triggerbot,558,27.900000000000002,-0.09381481578349599,1.0,-0.046679668234608764,0.9690910360390494,-0.05576565333004135,0.12611474351965274,0.13789393251464743,0.04226460741292992,0.015980653665000264,0.08213864200576325,0.13591704429105,2.335356188908763,1,1,100.0,-0.3050150238195074,0.23013515124949704,0.3820946906150929,1,26.2449429791676,4.413520588852015,0.41314113306086225,24.612053307507946,36.806241683968274,0.10933659913810843,0.5381101305892095,2.5951608460877393,1.2030482879607673,1,0,1,19.8,75.38852110592191
P15_triggerbot_02,P15,triggerbot,559,27.950000000000003,0.01875366447914091,0.9952781327398633,-0.03518951261306248,0.9604731404396132,0.1125684802626369,-0.004721867260136636,0.11266746992394044,-0.02522646259070699,0.07070571970167465,-0.05472506603667439,0.0,2.0290516797264564,0,0,0.0,-0.23781871026603008,0.19707566556371625,0.3088633304715529,1,29.513020147388534,3.4686524075141247,0.33194478870395105,24.30708890060594,36.85390394210912,0.09623861785296609,0.37733095046381254,2.099928242140134,1.2030482879607673,1,0,1,19.8,65.57859846281971
P15_triggerbot_02,P15,triggerbot,560,28.0,-0.07397653433325256,0.9513796872125815,-0.04894642463395895,0.9774647700243485,-0.09273019881239347,-0.043898445527281886,0.10259611733149435,-0.010071352592446098,0.07000441384052976,0.0007013058611448908,0.0008634151009834308,2.6575287704042165,1,0,100.0,-0.15063269875390808,0.15587001184145294,0.2167617828985089,1,28.362834708228434,4.139970534419756,0.3254413161103905,24.328640946069378,38.898163543626524,0.10491551157892999,0.270649409354882,2.183233626428661,1.2030482879607673,1,0,1,19.8,73.08291241763172
P15_triggerbot_02,P15,triggerbot,561,28.05,0.044720445022401675,0.994526251275651,-0.028658970318399743,0.968462922569755,0.11869697935565424,0.04314656406306955,0.12629568044317735,0.023699563111683003,0.048430553770413005,0.021573860070116753,0.03269622404809547,3.0481029220299245,0,0,0.0,-0.050785353121276196,0.10822143527187288,0.11954510087810746,1,22.718210007373138,4.0337472824543745,0.31564084429857314,22.656303112102982,38.304620400417384,0.12093807109608334,0.302185553970173,3.170333570559584,1.2030482879607673,1,0,1,19.8,64.04091680977281
P15_triggerbot_02,P15,triggerbot,562,28.1,-0.055201762703939186,1.0,-0.047830215082972,0.9810189673327702,-0.09992220772634086,0.010921161511923547,0.10051725904378578,-0.02577842139939157,0.09353112532977464,-0.04510057155936164,0.0,2.6840760092386757,0,0,0.0,0.05333072253887154,0.05609950074430722,0.07740361716534071,0,25.46148321210099,3.5413184551106385,0.4158376527315936,24.8476083587037,39.15161836133732,0.12089218413495484,0.39962685088132455,2.310508945269091,1.2030482879607673,1,0,1,19.8,66.62119842750238
P15_triggerbot_02,P15,triggerbot,563,28.150000000000002,-0.03202056531838004,0.8397992141660404,-0.04051286138224012,0.9666957427562733,0.023181197385559148,-0.1602007858339596,0.16186926729322787,0.06135200824944209,0.036399689182669295,0.05713143614710535,0.11097388450250131,1.8233643861434454,1,1,150.00000000000003,0.1529641187905157,0.0016586804298035192,0.15297311155274057,1,31.11368301096988,4.028555637560095,0.2754664244661329,29.676046076487392,37.30911472194886,0.10586005316189784,0.4529942089990216,2.0101580268771135,1.2030482879607673,1,0,1,19.8,69.64106673619155
P15_triggerbot_02,P15,triggerbot,564,28.200000000000003,-0.03726542098958678,0.9358645165846612,-0.046407541638931835,0.9833737304217123,-0.005244855671206744,0.09606530241862074,0.09620837198390195,-0.06566089530932592,0.14429354388086219,-0.10789385469819289,0.0,3.0524316473974578,0,0,0.0,0.23974021491755884,-0.05285070182237336,0.24549657295334026,0,23.278122329908474,3.3621081562897346,0.30400854182502585,23.723157587122127,36.97641963928557,0.16720726468977493,0.4782766742609038,2.9865269645945136,1.2030482879607673,1,0,1,19.8,69.86484736653446
P15_triggerbot_02,P15,triggerbot,565,28.25,-0.041455567944100186,1.0,-0.03560587191916803,0.9635514604058866,-0.004190146954513401,0.24742091233297958,0.2474563904836252,0.15124801849972325,0.02773663572383677,0.11655690815702541,0.346113021341627,0.03760888108780347,1,1,100.0,0.30636510225458286,-0.1051754881394815,0.3239158211400598,1,30.43883982574914,3.506255486776038,0.23020976512605973,25.93042106814455,37.61745704053092,0.120489845691883,0.47581807983085184,1.771908514981765,1.2030482879607673,1,0,1,19.8,70.41019119574473
P15_triggerbot_02,P15,triggerbot,566,28.3,-0.03306179089897604,0.9706699401838574,-0.04006631736678599,0.983623714173463,0.008393777045124142,-0.029330059816142562,0.030507505665028623,-0.21694888481859656,0.016435107381426083,0.011301528342410688,0.004137377279154908,2.879792637546031,0,0,0.0,0.3472386689646914,-0.15315282142501768,0.37951347793565104,1,29.452215810106726,3.8980292189560934,0.2687006340246672,26.89380269409821,36.38905773680716,0.27392070936390744,0.24779061141109893,1.8897242855192566,1.2030482879607673,1,0,1,19.8,64.74363218675533
P15_triggerbot_02,P15,triggerbot,567,28.35,-0.14182537561362007,0.835155370050837,-0.03955147929197698,0.9626132329016345,-0.10876358471464402,-0.13551457013302054,0.1737633910762474,0.14325588541121875,0.010345365516484935,0.006089741864941147,0.012698090366773974,0.9550560719936241,1,1,100.0,0.3589253138198995,-0.19479954755506088,0.4083800247666012,1,26.563504462422134,4.182428668600209,0.2983105610358758,24.066451384447983,37.89039037342058,0.14152768004284302,0.2790236225296747,2.427261179003145,1.2030482879607673,1,0,1,19.8,63.520620431802435
P15_triggerbot_02,P15,triggerbot,568,28.400000000000002,-0.11822045047367793,0.9172165011636128,-0.03854600976876251,0.9789583170502347,0.023604925139942133,0.08206113111277576,0.08538865106306835,-0.08837474001317903,0.17704777596747023,-0.1667024104509853,0.0,2.7453591733692404,0,0,0.0,0.3404427234414781,-0.2283941895108598,0.4099575023664932,0,32.231244773927536,4.076545192350527,0.27658223966550766,26.29208725077848,36.76416337091868,0.16810397391923318,0.6645106874889734,2.32351146440733,1.2030482879607673,1,0,1,19.8,80.314004277907
P15_triggerbot_02,P15,triggerbot,569,28.450000000000003,0.0640240060781462,1.0,-0.0312947570898661,0.9611519396337261,0.18224445655182414,0.13139594902834661,0.22467295646100707,0.13928430539793873,0.09739814640853073,0.0796496295589395,0.2147414130483715,0.6660344062859296,0,0,0.0,0.29334444001601817,-0.2525481050279443,0.387080748477003,0,24.280285946604952,4.7688076127204795,0.32434841017240956,27.41816469281785,39.91767178350429,0.13198461244054444,0.5368876473931821,3.0771229326756004,1.2030482879607673,1,0,1,19.8,66.3069948879451
P15_triggerbot_02,P15,triggerbot,570,28.5,-0.018792299874107993,1.0,-0.043697152514833096,0.9750957268723053,-0.0828163059522542,0.02557811818395956,0.08667629815243598,-0.1379966583085711,0.11056251999946734,-0.013164373590936612,0.0,2.217360150836461,0,0,0.0,0.22158927931117192,-0.26626288644407653,0.34640688994761026,0,27.061579685652987,3.6270405207991834,0.27722991326047747,23.78683680982408,37.497339509945206,0.1844249114626853,0.26833272454222845,1.8276505127589484,1.2030482879607673,1,0,1,19.8,70.02839683639581
P15_triggerbot_02,P15,triggerbot,571,28.55,-0.13433771303977832,0.8501804371778273,-0.03840197180309764,0.954693075904748,-0.11554541316567032,-0.14981956282217268,0.18920001032730524,0.10252371217486926,0.04936857911805378,0.06119394088141356,0.13893473096078343,1.2134051517538387,1,1,200.0,0.1312085749754275,-0.2689716301099345,0.2992681539206566,1,27.14188839718366,4.354624350014101,0.3699240598731212,25.27266130893987,38.313908760586216,0.15044227349719144,0.5273365219964057,2.503309737481217,1.2030482879607673,1,0,1,19.8,63.78179315946534
P15_triggerbot_02,P15,triggerbot,572,28.6,-0.09795573570366398,0.9052113170460102,-0.039584897186841064,0.973287249781883,0.03638197733611435,0.055030879868182905,0.06597003875966663,-0.12322997156763861,0.15534923051496172,-0.10598065139690793,0.0,3.0687943730614053,0,0,0.0,0.029799218687068762,-0.26056236948207856,0.2622608278498239,0,20.87322527503603,4.824533901796123,0.29435574180778196,21.69356990320025,36.06433674076994,0.2051614171684984,0.57481211445259,2.4438804819418185,1.2030482879607673,1,0,1,19.8,65.91750667475114
P15_triggerbot_02,P15,triggerbot,573,28.650000000000002,0.04042556663719912,1.0,-0.03892881178283059,0.9600992107821388,0.1383813023408631,0.14521539173359269,0.2005913628098033,0.13462132405013666,0.0806030931561835,0.07474613735877822,0.1799211546907929,0.17715253284918175,0,0,0.0,-0.0741148916649812,-0.241382703285804,0.252504706118667,0,24.007512147288814,3.57654756813345,0.28538938698143634,22.72095963724239,38.884230567252885,0.11546280977039468,0.3932619130276537,1.9300265411556123,1.2030482879607673,1,0,1,19.8,65.47929018955774
P15_triggerbot_02,P15,triggerbot,574,28.700000000000003,-0.04121922526498413,1.0,-0.036469637093480944,0.9643903433881448,-0.08164479190218325,0.01749303452773946,0.0834977742322482,-0.1170935885775551,0.0847403091851631,-0.0041372160289796095,0.0,2.1210345915210023,0,0,0.0,-0.17179932270808956,-0.21222542744176523,0.27304695445252314,0,25.332077367921524,3.4714928705998824,0.4164826460325084,24.567277347980287,38.658808189689175,0.1580798805246859,0.31914869784421074,2.298211120710229,1.2030482879607673,1,0,1,19.8,73.10736953532698
P15_triggerbot_02,P15,triggerbot,575,28.75,-0.10114757490712542,0.8208698203632614,-0.04101472355310333,0.9656164430798323,-0.05992834964214129,-0.17913017963673863,0.18888893124670114,0.10539115701445294,0.03438416506813237,0.05035614411703074,0.11414061892764953,1.45901615665729,1,1,200.0,-0.2550432727369255,-0.17429576466394994,0.30891112726503195,1,31.55213942997482,4.403670933479925,0.2459413908528265,26.400377484130324,41.49019997496668,0.1287015881572725,0.3831037167355432,2.283667357263017,1.2030482879607673,1,0,1,19.8,70.80364793021717
P15_triggerbot_02,P15,triggerbot,576,28.8,-0.0629919588768113,0.873617456460877,-0.03679523811923766,0.9648822197424287,0.03815561603031411,0.05274763609761557,0.0651011839257877,-0.12378774732091344,0.15773647144844632,-0.12335230638031396,0.0,2.8382059256369563,0,0,0.0,-0.3168497253430662,-0.12916154630115334,0.34216436619391194,0,26.050386703707687,3.584677511978321,0.35939095371480223,23.33361092656218,39.570355399415526,0.18857474742203317,0.5686225881165046,3.301246352390595,1.2030482879607673,1,0,1,19.8,70.37383312102577
P15_triggerbot_02,P15,triggerbot,577,28.85,0.013601141267663056,1.0,-0.04287718409893084,0.9552775945127328,0.07659310014447436,0.20919991393299592,0.2227804007970952,0.1576792168713075,0.0841010244349794,0.07363544701346693,0.19685441278240118,0.2752672203957919,0,0,0.0,-0.35202357910614673,-0.07868840566699259,0.3607110553242231,0,27.332021721988657,4.975627535807915,0.38469659079652546,26.888695586806453,37.63317311446603,0.1399781019020107,0.540960476253181,2.508593924708415,1.2030482879607673,1,0,1,19.8,83.20885142449679
P15_triggerbot_02,P15,triggerbot,578,28.900000000000002,-0.1211443841190805,1.0,-0.04548224421204289,0.9717010869992735,-0.13474552538674356,0.05372187387420651,0.14505997499071102,-0.07772042580638419,0.06551087632421211,0.018590148110767285,0.03236023704025819,1.5423849486334062,1,0,150.00000000000003,-0.3576083184854875,-0.02496266165709802,0.3584785125039221,1,28.07763684041125,3.6940535335716835,0.38379698391812084,25.716154213827554,39.232214948822204,0.11400396783154837,0.3882497311642303,2.9352298131190295,1.2030482879607673,1,0,1,19.8,64.90227405414944
P15_triggerbot_02,P15,triggerbot,579,28.950000000000003,-0.028657374769663027,0.9552590029917715,-0.0439282783239026,0.9655320049045351,0.09248700934941748,-0.044740997008228575,0.10274046774124379,-0.04231950724946723,0.08455985856228179,-0.01904898223806968,0.0,3.0704035710357753,0,0,0.0,-0.3331345218226908,0.0297949197230491,0.33446426845230537,0,27.97415726984965,4.7349166615307805,0.3526572010233449,25.91473611303989,37.699143374973644,0.14298773596762787,0.4097228477840432,2.6357147833256414,1.2030482879607673,1,0,1,19.8,72.42405773271031
P15_triggerbot_02,P15,triggerbot,580,29.0,-0.08699106060365794,1.0,-0.04653611744532477,0.9774012377687286,-0.05833368583399492,0.09167248927571867,0.10865847501684336,0.005918007275599574,0.028459234012538297,0.056100624549743495,0.07314969973281135,2.5880662543125275,1,1,100.0,-0.28065931827568735,0.08332092123257799,0.29276616752968404,1,27.340966219550122,4.803446946740592,0.2577965522610103,26.682525509300138,38.7076666430192,0.11404766753788424,0.42498197290252093,2.1649314411689287,1.2030482879607673,1,0,1,19.8,68.98905035590587
P15_triggerbot_02,P15,triggerbot,581,29.05,0.04989440228842684,0.9712236785633378,-0.03756313324987518,0.9746360955144286,0.13688546289208478,-0.02877632143666215,0.13987747004648898,0.03121899502964562,0.05555580665640642,-0.027096572643868125,0.0,2.344704127399279,0,0,0.0,-0.20459347715717022,0.13340283326827482,0.24424333526068764,1,30.266301232746862,5.0968315483316715,0.2716290080152931,27.11757294741037,37.71776477172184,0.10174037346496126,0.40993764496540497,2.4205209136624863,1.2030482879607673,1,0,1,19.8,69.40545976391842
P15_triggerbot_02,P15,triggerbot,582,29.1,-0.05695508613772171,0.9432060891543582,-0.04647998106958885,0.9654266244726732,-0.10684948842614855,-0.02801758940897961,0.11046175126811913,-0.029415718778369848,0.09654857639430975,-0.04099276973790333,0.0,2.677945808698315,0,0,0.0,-0.11133066357123507,0.17797050845875145,0.2099238398378756,0,32.89109473334975,3.4595596591109348,0.27428332559304247,25.9496868730163,37.97811013088776,0.12888975682020828,0.3292288178715619,1.9102041515038553,1.2030482879607673,1,0,1,19.8,64.91097768178285
P15_triggerbot_02,P15,triggerbot,583,29.150000000000002,-0.05635577212583097,1.0,-0.035646834173134745,0.981023963848663,0.0005993140118907385,0.13792026094391063,0.1379215630571277,0.027459811789008554,0.043407755622474425,0.05314082077183532,0.08795118075588249,1.8315838898575074,1,1,150.00000000000003,-0.008710023026108845,0.21518173168294408,0.2153579396056386,1,27.261046025195988,3.3293785377836453,0.3204435721817381,25.532872430981357,38.280070488233534,0.09784234961836678,0.3397724478041569,2.13143940215594,1.2030482879607673,1,0,1,19.8,64.20977255734965
P15_triggerbot_02,P15,triggerbot,584,29.200000000000003,0.020255555391337624,0.9103440485371315,-0.039800414533678,0.961472714416772,0.07661132751716859,-0.08965595146286857,0.11793000100337114,-0.019991562053756545,0.041933657119498514,0.001474098502975911,0.002086085255220205,2.4301443827027143,0,0,0.0,0.09464273287406126,0.24349836845649844,0.2612445259270471,1,28.832131689830547,4.837739397053833,0.4874470239580063,28.89996688527949,36.292000136266886,0.10393086956384752,0.43768372556302476,2.7587565806410037,1.2030482879607673,1,0,1,19.8,71.19476236189361
P15_triggerbot_02,P15,triggerbot,585,29.25,-0.04251672237809549,1.0,-0.03923300592434723,0.982405370544677,-0.06277227776943312,0.08992320049765379,0.10966558641663349,-0.008264414586737656,0.09344368922985205,-0.051510032110353536,0.0,3.043916135067116,0,0,0.0,0.19004035504224967,0.26174994407507257,0.32346308872557306,0,26.7987196445613,3.3739856701479747,0.30313119540417155,24.830474293696604,37.29685703636237,0.11547776095737919,0.3581175481621802,2.831183208167502,1.2030482879607673,1,0,1,19.8,69.20358300207533
P15_triggerbot_02,P15,triggerbot,586,29.3,-0.074428537614647,0.8742615676752258,-0.043741222172130105,0.9656000271131983,-0.03191181523655151,-0.1257384323247742,0.1297247752558609,0.020059188839227415,0.03442175960578259,0.059021929624069464,0.0918792786677958,2.2836189382449286,1,1,150.00000000000003,0.26946425801483864,0.2691820254558463,0.380880491986659,1,27.926998579444696,4.381541173785591,0.4154206836447135,26.158504862957127,38.70748452032852,0.09951438895951399,0.5032194636714978,2.988942249854805,1.2030482879607673,1,0,1,19.8,65.98537058688505
P15_triggerbot_02,P15,triggerbot,587,29.35,-0.05686356889235368,0.9866301516290705,-0.04761692767599138,0.9861365791573153,0.017564968722293326,0.11236858395384469,0.1137331384689941,-0.015991636786866797,0.11504295120354088,-0.0806211915977583,0.0,3.0481061972139303,0,0,0.0,0.32623851696933126,0.26548740580281327,0.4206128060274155,0,29.57914340459757,3.4115937617463334,0.3034513538947539,24.88313250005023,38.2330085968845,0.1312583246408197,0.43718030233406485,1.9198112594233614,1.2030482879607673,1,0,1,19.8,66.34604797821838
P15_triggerbot_02,P15,triggerbot,588,29.400000000000002,0.024057096911758738,0.8799300747327112,-0.04974697535593869,0.9644919898933239,0.08092066580411242,-0.10670007689635928,0.1339143777339455,0.020181239264951384,0.023253905233328483,0.0917890459702124,0.14750247568672212,2.3376802090830773,1,1,100.0,0.35559100826980083,0.2508188030704615,0.4351494423023342,1,21.529814223632446,3.604532787137343,0.35165545328028674,20.589631505633324,37.98739094354415,0.10304347748906965,0.4579768754034807,2.338718342633951,1.2030482879607673,1,0,1,19.8,67.18675463220363
P15_triggerbot_02,P15,triggerbot,589,29.450000000000003,-0.03945405777678372,0.9493425880392243,-0.04828830138973527,0.9723040864123307,-0.06351115468854246,0.0694125133065131,0.09408381249396108,-0.039830565239984406,0.11733207016493095,-0.09407816493160247,0.0,3.0494135581276063,0,0,0.0,0.35505452723426373,0.2257825473319477,0.4207629688901457,0,27.48035003357322,3.6930532325082397,0.3139130629628997,23.40602759914181,38.02894352894387,0.13269968638842813,0.4796938752316508,2.2751506216791806,1.2030482879607673,1,0,1,19.8,67.08586553092734
P15_triggerbot_02,P15,triggerbot,590,29.5,-0.23766002634283934,1.0,-0.055430914613236126,0.9528363237160604,-0.19820596856605563,0.1150029438828175,0.2291534051174512,0.1350695926234901,0.016354392173116468,0.10097767799181448,0.27767254503213357,0.3040177484928388,1,1,100.0,0.32467416742936966,0.19141351798583658,0.37689846094627205,1,25.488888778239367,3.6018386643520466,0.3215854754891874,22.04262376179806,38.56026926958648,0.1186858264905928,0.4655524265897959,1.9303621782876084,1.2030482879607673,1,0,1,19.8,79.7705694700313
P15_triggerbot_02,P15,triggerbot,591,29.55,-0.18799798979642973,1.0,-0.056236287458738335,0.958078381388487,0.04966203654640962,0.04742157870956354,0.06866676052679531,-0.16048664459065587,0.18620417594054012,-0.16984978376742366,0.0,1.8535201493998277,0,0,0.0,0.2670035303597859,0.1491323667777559,0.3058289522679699,0,30.479135294725598,3.634842028652253,0.2873222472550924,27.08749237055305,38.13500248487835,0.18538788649983087,0.6090512851677712,2.970675409601095,1.2030482879607673,1,0,1,19.8,69.51494051587014
P15_triggerbot_02,P15,triggerbot,592,29.6,0.015871904883554167,0.9674546644944422,-0.06150206068087188,0.9519367912008804,0.2038698946799839,-0.03254533550555788,0.20645128437478186,0.13778452384798656,0.13531922303529534,0.05088495290524478,0.12606316659165687,0.920626595042132,0,0,0.0,0.18689008414447142,0.10068679483322618,0.21228691482358442,0,35.27506517129267,4.668922292051345,0.2934600614231203,30.995579702934197,36.813546763967416,0.14374407597976516,0.4885086751940933,2.4186112490699823,1.2030482879607673,1,0,1,19.8,77.53216697446926
P15_triggerbot_02,P15,triggerbot,593,29.650000000000002,-0.0390947887056947,0.9357544732110158,-0.047966175874810224,0.9575905685250841,-0.05496669358924887,-0.031700191283426424,0.06345265582731897,-0.14299862854746287,0.06459567279782881,0.07072355023746653,0.0538511651052488,2.460167316959254,1,0,150.00000000000003,0.09106771271743591,0.048079311028997186,0.1029803303966757,1,29.265934829914737,4.031383870621747,0.33426601908586845,24.822335862521424,37.83712321315047,0.19674705622179806,0.4491257575583496,2.2137907635532272,1.2030482879607673,1,0,1,19.8,70.05987130928281
P15_triggerbot_02,P15,triggerbot,594,29.700000000000003,-0.23534395397672514,1.0,-0.0665062330969389,0.9484240417783414,-0.19624916527103045,0.06907744528485747,0.20805150399999203,0.14459884817267304,0.030197768978791093,0.03439790381903772,0.08587842748797442,0.8615684994584938,0,0,0.0,-0.012409296433301896,-0.006515542172665274,0.01401580992213218,1,24.6338804360816,4.207719173637086,0.3481946511329532,25.1776758536519,37.58486685765448,0.14194732036761645,0.43532221355336553,2.7435879441388695,1.2030482879607673,1,0,1,19.8,65.22725184193798
P15_triggerbot_02,P15,triggerbot,595,29.75,-0.19297448400305628,0.9484681776654069,-0.07874327765094268,0.9308443132209876,0.04236946997366886,-0.05153182233459306,0.06671357207475621,-0.1413379319252358,0.17119077323141382,-0.14099300425262273,0.0,2.5973734240748922,0,0,0.0,-0.11484325019405978,-0.06084107393762838,0.12996387341495855,0,30.55691835707001,4.2043175379161575,0.33027936564480237,25.978176626355452,38.7347473671622,0.20529915739397764,0.6974721454861531,2.2127545096875796,1.2030482879607673,1,0,1,19.8,66.31582615799823
P15_triggerbot_02,P15,triggerbot,596,29.8,-0.014360666962480062,0.8669043904347016,-0.09220818692509519,0.9189288191094991,0.17861381704057622,-0.08156378723070534,0.19635566461199994,0.12964209253724374,0.1050067632616985,0.06618400996971532,0.1559472631714882,0.4542951563005641,0,0,0.0,-0.20762412879769093,-0.11265172589539674,0.23621640545527686,0,30.3420241842639,4.105125109325632,0.3458196925917823,27.82204789732879,36.25517375472038,0.1283419153642767,0.4894001534389845,2.3659132650301977,1.2030482879607673,1,0,1,19.8,71.01469833242186
P15_triggerbot_02,P15,triggerbot,597,29.85,-0.06577797532631588,0.8923208194244324,-0.10452673232921719,0.9066600921297651,-0.05141730836383582,0.025416428989730854,0.05735620683040164,-0.13899945778159828,0.0985415402811707,0.006465222980527804,0.004449847997709823,3.110871299615013,0,0,0.0,-0.28295329546935927,-0.15980589281164798,0.3249622913420855,0,23.866457623565918,4.178917095152896,0.2916148430266319,25.34065287604071,37.55975261484724,0.22596905697479755,0.2890942602846287,2.6229186248021934,1.2030482879607673,1,0,1,19.8,79.45201833525932
P15_triggerbot_02,P15,triggerbot,598,29.900000000000002,-0.25893740118454034,0.921204402553137,-0.13016302006034078,0.8950592211864461,-0.19315942585822443,0.028883583128704537,0.19530700236353965,0.137950795533138,0.06444325278578501,0.03409828749538568,0.07991561179744736,0.31065807124114553,1,0,250.0,-0.33449900579939174,-0.20035444633397395,0.3899121555511892,1,24.497009055738236,4.344613681306025,0.3299914823162458,24.93416758540382,37.97961969162524,0.1149290530627273,0.36893673541979793,2.218127764603388,1.2030482879607673,1,0,1,19.8,74.08300260080884
P15_triggerbot_02,P15,triggerbot,599,29.950000000000003,-0.20685314715339695,0.8737403888031441,-0.15229718607575396,0.8819907112585286,0.05208425403114338,-0.047464013749992824,0.07046702859664357,-0.12483997376689608,0.11362151672723383,-0.04917826394144882,0.0,2.551005930454198,0,0,0.0,-0.35792861842659696,-0.23262130266133432,0.426878866120857,0,25.342740214120774,4.179981759668592,0.3345242156406372,23.558781798144857,36.970655860993475,0.17730491823367922,0.4112203708745671,2.820126812153662,1.2030482879607673,1,0,1,19.8,66.66929918862452
P15_triggerbot_02,P15,triggerbot,600,30.0,-0.010722708940236303,0.8387586908342358,-0.17641155014042514,0.8694912880090553,0.19613043821316065,-0.03498169796890828,0.19922567100269573,0.12875864240605217,0.030736715606233856,0.08288480112099998,0.19815336143107448,0.5625159715390163,1,1,100.0,-0.35127277240716787,-0.25527270385410994,0.4342311757204981,1,30.745543590960928,4.039478203438927,0.38560692253814327,26.333435950629397,40.470216592799844,0.1244424707068142,0.5101272940999589,2.1372820179958696,1.2030482879607673,1,0,1,19.8,64.78221856143544
P15_triggerbot_02,P15,triggerbot,601,30.05,-0.0786552102042063,0.8431980276123441,-0.19062758029237165,0.858307600206143,-0.06793250126396999,0.004439336778108236,0.06807740035436685,-0.13114827064832887,0.18096387096285108,-0.1502271553566172,0.0,3.0303457902705695,0,0,0.0,-0.3150909205757398,-0.2673723490257835,0.4132435858580657,0,30.909735636452325,4.669370544040918,0.2061357480799338,25.73385688124842,38.89251949407072,0.2009180767320545,0.6943046712424061,2.1246625073998873,1.2030482879607673,1,0,1,19.8,80.41174018883181
P15_triggerbot_02,P15,triggerbot,602,30.1,-0.3119298509584073,0.8367369547618426,-0.1914656182712219,0.8470893729022287,-0.23327464075420098,-0.006461072850501449,0.23336410066970673,0.16528670031533987,0.11287750323431012,0.06808636772854096,0.19066696767405486,0.09294665505989341,0,0,0.0,-0.2524243050990207,-0.2684200965557827,0.36846625088295293,0,28.800239715309488,3.5616093617103424,0.3647869376033272,24.71022169205314,36.61124606991358,0.13499078896987374,0.45345394412905154,2.2524256486355463,1.2030482879607673,1,0,1,19.8,64.1926262960958
P15_triggerbot_02,P15,triggerbot,603,30.150000000000002,-0.2672332524899334,0.8294338574946282,-0.18359773692495956,0.8362693959677862,0.04469659846847392,-0.007303097267214462,0.04528930496647504,-0.18807479570323168,0.12833296577076264,-0.015455462536452524,0.0,2.9519409870048077,0,0,0.0,-0.16854032783143125,-0.2583726375585837,0.30848381147882875,0,19.38951601254194,4.264091110454599,0.28881201369253984,19.764238593775517,40.558731016044696,0.25193856138711185,0.3124224943799844,2.44555326942502,1.2030482879607673,1,0,1,19.8,63.684643257835305
P15_triggerbot_02,P15,triggerbot,604,30.200000000000003,-0.061422042548228833,0.8234880785204665,-0.17480964677822136,0.8220260916207842,0.20581120994170457,-0.005945778974161719,0.2058970772625925,0.16060777229611745,0.0927199972389759,0.03561296853178675,0.08799127360007486,0.13308001928755486,0,0,0.0,-0.07048980225722747,-0.23764528606647534,0.24787919277720735,0,26.169871813056194,3.314461510858265,0.2568170960287199,21.730925076617297,38.74597639170716,0.13560413576360852,0.2536382448918253,1.7814553329993672,1.2030482879607673,1,0,1,19.8,64.00392311430186
P15_triggerbot_02,P15,triggerbot,605,30.25,-0.13446548133010228,0.8121666703537113,-0.16713239744674718,0.806381780977106,-0.07304343878187346,-0.011321408166755167,0.07391561561645527,-0.13198146164613722,0.10708550111202114,-0.014365503873045249,0.0,2.9589392294596477,0,0,0.0,0.03348569807909963,-0.20709481192835336,0.20978453971511976,0,30.77205519306355,3.972336043571255,0.29935098164796736,28.38053172625339,37.27018542870283,0.21956272973207552,0.31285864927441165,2.800627081513028,1.2030482879607673,1,0,1,19.8,65.8639616675701
P15_triggerbot_02,P15,triggerbot,606,30.3,-0.3238601273276477,0.6865478744414817,-0.16293056863852576,0.7892258844678938,-0.1893946459975454,-0.12561879591222955,0.2272672739726816,0.15335165835622633,0.036558731549865,0.07052676956215614,0.19234111992588868,0.4318717899641147,1,1,300.00000000000006,0.13464657970949323,-0.16798402603064697,0.2152866331868516,1,30.932406680689027,3.5479822696628034,0.17518834938730973,24.418209767388547,37.04671056227735,0.15494793975650792,0.3024474511605638,2.684768004724387,1.2030482879607673,1,0,1,19.8,71.79887216351506
P15_triggerbot_02,P15,triggerbot,607,30.35,-0.2714264099520864,0.6820852053709899,-0.16027715951812757,0.7659669491535315,0.05243371737556128,-0.004462669070491719,0.05262328508419976,-0.17464398888848184,0.1818427254126176,-0.1452839938627526,0.0,2.47104284738881,0,0,0.0,0.22448983012177434,-0.1219295817184026,0.25546527499080524,0,27.472944729848173,3.3909074208190173,0.3316925971606538,24.095215288325818,36.27045445972074,0.21466653205124425,0.6235546191052339,1.8223478438058627,1.2030482879607673,1,0,1,19.8,64.28923672047917
P15_triggerbot_02,P15,triggerbot,608,30.400000000000002,-0.07638434628102139,0.76031308562612,-0.16251573485244752,0.7522462609925594,0.195042063671065,0.07822788025513006,0.21014520658411112,0.15752192149991137,0.12955349812564718,0.05228922728697041,0.13185996564412727,0.4663448933246771,0,0,0.0,0.2954637329797704,-0.07083515005684948,0.3038361992750657,0,25.10195770721517,3.4663868935872832,0.40280917061267574,27.14056395954858,37.599594321413704,0.13883795667581408,0.40737320869832905,2.5516649108810663,1.2030482879607673,1,0,1,19.8,71.06392920895428
P15_triggerbot_02,P15,triggerbot,609,30.450000000000003,-0.12379055280587664,0.7443916613298402,-0.1579268815466095,0.7274822004443954,-0.04740620652485524,-0.01592142429627975,0.05000840098122909,-0.16013680560288202,0.08790365225265254,0.04164984587299464,0.024994106318677267,3.0841686486898108,0,0,0.0,0.34160262275828307,-0.0168127311493732,0.3420161104451645,0,19.190977152867756,4.690404237243225,0.4037486507418765,21.229890831808085,37.81343030597963,0.22571360828660217,0.4693777332331557,2.92632307600626,1.2030482879607673,1,0,1,19.8,67.40277127655463
P15_triggerbot_02,P15,triggerbot,610,30.5,-0.30939236294537487,0.6453132937678727,-0.16474173656273794,0.7174956862111436,-0.18560181013949825,-0.09907836756196749,0.21039143244391556,0.16038303146268645,0.048993805003018205,0.03890984724963433,0.09823558198829417,0.1663230308042083,1,1,200.0,0.3590283249024747,0.03790464587331918,0.3610236837952029,1,25.009059896017384,4.328972213750149,0.37238894093651753,28.861670631072684,35.21158112536539,0.13641664254425792,0.43238635262610875,2.3653744926539435,1.2030482879607673,1,0,1,19.8,64.76151763651389
P15_triggerbot_02,P15,triggerbot,611,30.55,-0.2413710350957895,0.6551494641539992,-0.17939664356079132,0.6983969569258496,0.06802132784958535,0.009836170386126523,0.0687288243045499,-0.14166260813936565,0.14041638918796104,-0.09142258418494284,0.0,2.794863512075163,0,0,0.0,0.34627613328308354,0.09105522562672688,0.35804778255900144,0,26.72789859169205,3.5103659125799997,0.36139234000464365,25.062611556703956,39.176188750115735,0.2102869642526535,0.5031076625078029,2.467968265350232,1.2030482879607673,1,0,1,19.8,80.88529615199205
P15_triggerbot_02,P15,triggerbot,612,30.6,-0.04409246560695826,0.7213550976417158,-0.18020588247095465,0.6830450144050648,0.19727856948883124,0.06620563348771662,0.20809137388433352,0.1393625495797836,0.06722601891700168,0.07319037027095936,0.18276341645744415,0.18017560679291098,1,0,100.0,0.30441792512329363,0.1404420166524221,0.33525249168018184,1,28.47297444418491,4.199457524516702,0.3216972799152793,24.58074294377746,40.2565738452177,0.11329197964215425,0.477825588281525,2.3179054590089785,1.2030482879607673,1,0,1,19.8,80.54694278827631
P15_triggerbot_02,P15,triggerbot,613,30.650000000000002,-0.08619456909528951,0.6816175856100863,-0.16928040508153686,0.6669286632454084,-0.04210210348833125,-0.03973751203162945,0.05789349687664453,-0.150197877007689,0.13650735127086125,-0.06928133235385957,0.0,2.708863675045379,0,0,0.0,0.23697206505165092,0.18402360456609268,0.3000340758186335,0,26.84887682714633,3.350490599684399,0.31221402049189084,22.91542137498574,36.167796130124266,0.2074114545633803,0.3876325696963889,2.088260566680152,1.2030482879607673,1,0,1,19.8,68.61219223268579
P15_triggerbot_02,P15,triggerbot,614,30.700000000000003,-0.2714745800941871,0.5760930493710182,-0.15998627255440587,0.64822139767717,-0.1852800109988976,-0.10552453623906806,0.2132231465489195,0.15532964967227497,0.08099704234013011,0.05551030893073114,0.14203299283335696,0.23879139071728872,0,0,0.0,0.1496076712375481,0.21999853439142197,0.26604851141755326,0,26.88479897140406,4.427063710557284,0.25081936731515414,24.85459664771631,38.13344691131123,0.15212542267178944,0.39975562538922166,3.080971295861037,1.2030482879607673,1,0,1,19.8,69.03256238934377
P15_triggerbot_02,P15,triggerbot,615,30.75,-0.21104456248038458,0.5835043520528987,-0.15274802806447868,0.6293885340716042,0.060430017613802546,0.007411302681880473,0.06088279261209143,-0.15234035393682807,0.1301399356321243,-0.0491428932919942,0.0,2.7459040261001646,0,0,0.0,0.049668101328223836,0.24687977411651366,0.2518264147331878,0,27.818961782680883,3.723801870428811,0.40340460330613,25.06511078351204,38.195734507945595,0.21008855859417158,0.41741012420720913,2.4152864801387484,1.2030482879607673,1,0,1,19.8,66.11351287676914
P15_triggerbot_02,P15,triggerbot,616,30.8,-0.007629980494461008,0.6646690189224358,-0.15022741760655575,0.6157354296075029,0.20341458198592358,0.08116466686953709,0.2190095781297041,0.15812678551761267,0.06882998961888048,0.06130994601324383,0.16112958493818558,0.25762022388226863,1,0,200.0,-0.05444628873137453,0.26355618150468996,0.26912127222862425,1,28.98836229066775,3.654818075973938,0.32827092723906987,25.105459464578196,38.67296657834288,0.14668147636149176,0.45948937084251595,2.73958698499439,1.2030482879607673,1,0,1,19.8,79.01548104545384
P15_triggerbot_02,P15,triggerbot,617,30.85,-0.04994349252678183,0.6369700426564404,-0.1580048964345466,0.5968292115375035,-0.042313512032320824,-0.027698976265995434,0.05057337824086441,-0.16843619988883968,0.1649692541354677,-0.09613926451658722,0.0,2.9416347852607356,0,0,0.0,-0.15398423118728286,0.2693384334148089,0.31024882782805485,0,25.396332921783323,3.6783793081024934,0.3578424503151389,23.356922037468614,37.29885362330965,0.2338889976425733,0.5261022614191311,2.367541102564265,1.2030482879607673,1,0,1,19.8,70.59999470233988
P15_triggerbot_02,P15,triggerbot,618,30.900000000000002,-0.24685103661132568,0.5392955004967569,-0.1650451379598334,0.5781437737365845,-0.19690754408454386,-0.09767454215968349,0.21980194972636247,0.16922857148549805,0.12926298269971617,0.03570627143575153,0.09417969694844293,0.11913464930397488,0,0,0.0,-0.2405791286305272,0.2639875191321049,0.3571662461517706,0,29.00536537572299,3.441338695519761,0.3878005016938374,25.36330842530407,39.66092519029418,0.15058838994330678,0.33073732477577183,2.883183377693227,1.2030482879607673,1,0,1,19.8,64.48876638759913
P15_triggerbot_02,P15,triggerbot,619,30.950000000000003,-0.20102674503819185,0.5328871024469252,-0.16763398659040502,0.5604025315752877,0.04582429157313385,-0.006408398049831718,0.04627022005290955,-0.17353172967345293,0.08198077686242741,0.04728220583728876,0.026253096824139784,2.5421698759820073,0,0,0.0,-0.30695230293389725,0.2477246199311483,0.3944454380474629,0,23.2294808139888,4.925385745871736,0.3291762936973853,26.488973298893974,35.442713122975846,0.2230097625359611,0.497440002045649,2.5550204192129824,1.2030482879607673,1,0,1,19.8,68.73143510608443
P15_triggerbot_02,P15,triggerbot,620,31.0,-0.0009322582071580321,0.6357115101907315,-0.17165627951808976,0.5522828117191022,0.2000944868310338,0.10282440774380633,0.22496813660614096,0.17869791655323142,0.035196843367528284,0.04678393349489913,0.12629873209743697,0.6136352772684363,1,1,200.0,-0.34752479983683526,0.22122196649690018,0.41196194601247826,1,29.394478190505655,3.3731939366140997,0.3202840082384591,24.504763223907414,39.46098715205332,0.15860544600207166,0.312807161039739,1.7591577605595072,1.2030482879607673,1,0,1,19.8,66.45027828941576
P15_triggerbot_02,P15,triggerbot,621,31.05,-0.02946934605419864,0.6290631272194305,-0.18349241103320646,0.5406751762498566,-0.028537087847040607,-0.006648382971300996,0.029301303365597883,-0.19566683324054307,0.20581572867201292,-0.17061888530448463,0.0,2.895794058854984,0,0,0.0,-0.35888632433937784,0.1855750521144946,0.4040266003187494,0,25.775748057460202,3.480831249727392,0.2879315772957414,23.98956860543602,38.60775190505791,0.264643807236663,0.6114351107909183,2.2689099106165975,1.2030482879607673,1,0,1,19.8,66.6060396773946
P15_triggerbot_02,P15,triggerbot,622,31.1,-0.21266012412902036,0.5180960524677138,-0.18687453560876052,0.5311813250304143,-0.1831907780748217,-0.11096707475171665,0.21417878711630536,0.18487748375070748,0.18535706325488993,0.02045866541712299,0.05258174574069244,0.3157431367029577,0,0,0.0,-0.34008189084387547,0.1422573502019247,0.36863646885030066,0,29.386691867500392,4.028773498315307,0.3796275461970609,25.74131794187455,35.96307012718312,0.15572471960158632,0.3369008919256311,3.0674095478939014,1.2030482879607673,1,0,1,19.8,72.0526896910819
P15_triggerbot_02,P15,triggerbot,623,31.150000000000002,-0.15975586150453683,0.5170777872047888,-0.18723859080999297,0.5315355492635483,0.052904262624483535,-0.001018265262925075,0.05291406115567019,-0.16126472596063518,0.028755424365076998,0.15660163888981293,0.09943714436752488,2.5777139226107506,1,1,150.00000000000003,-0.2926920938520675,0.09305940794686222,0.30712980189315403,1,33.14007348242973,4.331250714591243,0.3267560010845458,27.56662225627447,38.59746764118993,0.21120491509242237,0.6772415826515407,2.653528110844536,1.2030482879607673,1,0,1,19.8,69.6985052851283
P15_triggerbot_02,P15,triggerbot,624,31.200000000000003,-0.29620685920245865,0.5991643914258652,-0.19408824823923412,0.5359768016469003,-0.13645099769792182,0.08208660422107635,0.15923908240537527,0.10632502124970508,0.03919037542285042,-0.010434951057773423,0.0,2.619254883382567,0,0,0.0,-0.22070025211599223,0.040014833626176256,0.22429843555895146,1,27.757602323525536,4.0557083756269385,0.26375534567386333,26.097547418250354,38.75317764155851,0.16632007605671906,0.30053821644568784,2.0219461392571723,1.2030482879607673,1,0,1,19.8,65.46982088054622
P15_triggerbot_02,P15,triggerbot,625,31.25,-0.21082623359682262,0.5482408222585468,-0.19991467390198847,0.5380989543345781,0.08538062560563603,-0.05092356916731844,0.099413586222148,-0.05982549618322726,0.11402268439696563,-0.0748323089741152,0.0,3.137800280137289,0,0,0.0,-0.13015759335521726,-0.014683763060680092,0.13098325085920065,0,25.484846026267718,3.536672351235743,0.41140191351693156,25.67829280451316,38.91387352033495,0.15944326243791193,0.4947483865870637,2.093720057777747,1.2030482879607673,1,0,1,19.8,67.20513647009487
P15_triggerbot_02,P15,triggerbot,626,31.3,-0.053036454635769975,0.36856280999872826,-0.20722374858446357,0.5436849145649382,0.15778977896105265,-0.1796780122598185,0.23912716791326188,0.13971358169111386,0.005808114425263457,0.10821456997170217,0.3105245237314158,0.31237728625070027,1,1,150.00000000000003,-0.028674622222530345,-0.06877540301871786,0.07451369015148758,1,23.794709232033934,3.857486758572421,0.32652606597439504,24.45706299359909,38.53428655593801,0.1159672946157343,0.5507111415733309,2.728600158533728,1.2030482879607673,1,0,1,19.8,68.45714497857017
P15_triggerbot_02,P15,triggerbot,627,31.35,-0.09176382973060995,0.3967759864001521,-0.20996961798627076,0.5361245956854102,-0.03872737509483998,0.02821317640142382,0.04791443315321897,-0.1912127347600429,0.2295756297643643,-0.22376751533910083,0.0,2.9210284589322546,0,0,0.0,0.07521857574498204,-0.1200241958491551,0.14164618500453846,0,32.12706029886373,4.075799562234381,0.28924739773211144,29.13075837778423,35.689928597037536,0.25145713817963977,0.8460473151958594,2.1222835202270365,1.2030482879607673,1,0,1,19.8,63.89520937930218
P15_triggerbot_02,P15,triggerbot,628,31.400000000000002,-0.2521288407908229,0.5433407952780491,-0.20814407957832587,0.5297986356151605,-0.16036501106021292,0.146564808877897,0.2172514211087161,0.16933698795549712,0.17674667679703615,0.05282895296732815,0.13772598129405078,0.11086295079074615,0,0,0.0,0.1727893249516802,-0.1663117608941403,0.23982442041828647,0,21.611772001907646,3.4039238299086443,0.47538574673455725,23.098803395739704,35.945987913940684,0.14879703655184984,0.43192326758724964,2.481085642991446,1.2030482879607673,1,0,1,19.8,64.02274574790088
P15_triggerbot_02,P15,triggerbot,629,31.450000000000003,-0.15728290971472836,0.5748160640800941,-0.20631898267192025,0.5255391382887901,0.09484593107609451,0.03147526880204495,0.09993219295028131,-0.11731922815843478,0.04914714734791048,0.12759952944912567,0.15301560956730156,2.080705204349851,1,1,150.00000000000003,0.2558363791454765,-0.205724790989242,0.3282909418820984,1,25.02829299775323,3.341393863155079,0.2329613786182019,21.39521320481723,37.9893539312952,0.1707556441325673,0.4555201371793156,1.690102471440659,1.2030482879607673,1,0,1,19.8,64.76324299684113
P15_triggerbot_02,P15,triggerbot,630,31.5,-0.21643602179647936,0.4458405289353571,-0.2000856559476907,0.5170145087725299,-0.059153112081751,-0.12897553514473706,0.1418935493066105,0.04196135635632918,0.07192423013878411,-0.022777082790873635,0.0,2.321231555109214,0,0,0.0,0.3173792718700932,-0.23663413945588996,0.3958854861810674,1,26.209169578437198,4.033372184443076,0.29010194348415613,24.013172451749252,40.13959372476162,0.12118436010203633,0.2987595411686821,3.060679986711766,1.2030482879607673,1,0,1,19.8,81.33073974642011
P15_triggerbot_02,P15,triggerbot,631,31.55,-0.20053723169300047,0.5547916763690951,-0.19434567777093353,0.5188340185835038,0.015898790103478888,0.10895114743373797,0.11010505916570132,-0.031788490140909176,0.07626291910346117,-0.004338688964677054,0.0,2.856481684144203,1,0,100.0,0.35224505506063447,-0.25776216125461104,0.4364835742491549,1,28.004309149466252,3.6666276409029694,0.3531772207748543,24.073098065479602,37.42378017022032,0.14142005867553056,0.2715937091547084,2.2456970887128316,1.2030482879607673,1,0,1,19.8,67.82966779115934
P15_triggerbot_02,P15,triggerbot,632,31.6,-0.10643149445930082,0.4472815582334688,-0.18570419285481538,0.5229334577129521,0.09410573723369965,-0.10751011813562628,0.1428786732925332,0.032773614126831885,0.035142070757394575,0.041120848346066594,0.07050350707619343,2.277678304427615,0,0,0.0,0.35750310784925077,-0.268235524737083,0.4469438095027733,1,26.40116486579128,3.4757919103022177,0.43187360254201423,24.109039308657565,38.89795808676549,0.107461371629461,0.39306532770524316,2.5658839515875367,1.2030482879607673,1,0,1,19.8,75.32722789632712
P15_triggerbot_02,P15,triggerbot,633,31.650000000000002,-0.13569276431039826,0.524835097082238,-0.17116912474048476,0.5425689866714087,-0.02926126985109744,0.0775535388487692,0.08289012788786308,-0.05998854540467012,0.11519832808135187,-0.0800562573239573,0.0,2.7833705705144536,0,0,0.0,0.33271146800774554,-0.2676213110110032,0.4269872211801159,0,28.798589307225516,3.319854688976544,0.3381469840628656,23.8627666518987,36.99321043798356,0.16691378533089815,0.43586415352214897,2.2580862658602814,1.2030482879607673,1,0,1,19.8,71.76667771632734
P15_triggerbot_02,P15,triggerbot,634,31.700000000000003,-0.2146912301403141,0.7404078572294649,-0.15159589557791908,0.5688850187720561,-0.07899846582991583,0.21557276014722693,0.22959175185745287,0.1467016239695898,0.04683273625351298,0.06836559182783888,0.18835411193430113,0.009527851574439694,1,1,150.00000000000003,0.279953980796982,-0.25594490874223613,0.37931784518415235,1,23.030840983446158,4.966084931096166,0.25966092170747274,25.19917692985647,37.24529501393217,0.11342625384980205,0.4673172767343348,2.804635357722813,1.2030482879607673,1,0,1,19.8,69.98370144562263
P15_triggerbot_02,P15,triggerbot,635,31.75,-0.1761128759061855,0.6801740469685451,-0.13453941524780766,0.5817035801866407,0.038578354234128615,-0.060233810260919785,0.07152902427659974,-0.15806272758085313,0.17779584073382626,-0.13096310448031329,0.0,2.9232024367043623,0,0,0.0,0.20366514270051514,-0.23368896470846012,0.30998390696572153,0,31.688125615782113,3.949597060849714,0.19668450047935732,27.325891180114972,38.469176043840946,0.22310927187486965,0.4950150097787628,2.705587130140103,1.2030482879607673,1,0,1,19.8,66.99449800183504
P15_triggerbot_02,P15,triggerbot,636,31.8,-0.029564821690874182,0.4916713323965569,-0.11344341026162846,0.592805333432219,0.1465480542153113,-0.18850271457198822,0.23876684358449413,0.1672378193078944,0.10752094693206032,0.07027489380176594,0.2013517749153982,0.09117631604514986,0,0,0.0,0.11025736268928896,-0.20177343348342366,0.22993304348633106,0,26.59706790959086,5.138848518836156,0.3106166232068316,25.082024979610043,37.069572888070496,0.13270608048285332,0.5463236629094365,2.5523130534883056,1.2030482879607673,1,0,1,19.8,64.7933825329028
P15_triggerbot_02,P15,triggerbot,637,31.85,-0.021929594167332523,0.5485862226118413,-0.09837118531867711,0.6023090453068831,0.007635227523541659,0.0569148902152844,0.057424745777009095,-0.18134209780748503,0.13028821586662856,-0.022767268934568236,0.0,2.3474092345493194,0,0,0.0,0.007581971330701805,-0.16151755090270944,0.16169540976437433,0,36.237427187395944,4.078360259888581,0.3428453474902671,31.296761418109394,40.21277590863399,0.23999836501246113,0.33048235171218937,2.336096882709499,1.2030482879607673,1,0,1,19.8,67.82979144830455
P15_triggerbot_02,P15,triggerbot,638,31.900000000000002,-0.1556997884908197,0.6930194999284094,-0.09311768767146666,0.6050238593663875,-0.13377019432348716,0.14443327731656805,0.19686400505361099,0.1394392592766019,0.09084575663833422,0.03944245922829434,0.09317760591414939,0.8804441781888459,0,0,0.0,-0.09573071772689595,-0.11458530314655095,0.14931229692725784,0,27.652431767711946,3.5754285931809453,0.35058634515079035,25.267272614749107,38.58922129824289,0.14004347525488864,0.33760379210281294,3.6785312445337874,1.2030482879607673,1,0,1,19.8,63.70119087458818
P15_triggerbot_02,P15,triggerbot,639,31.950000000000003,-0.13407565239375657,0.6264398844605501,-0.09553687746394013,0.5968450578194755,0.02162413609706311,-0.06657961546785925,0.07000320319665601,-0.12686080185695497,0.11344205207149993,-0.022596295433165714,0.0,2.708542726535663,0,0,0.0,-0.19099682318900105,-0.06291664548777336,0.20109274165848126,0,30.785395538212477,3.9396238835876876,0.38322229163272803,26.36420604886338,39.283920167168894,0.18419625790302815,0.34371456105069104,2.1537866375305006,1.2030482879607673,1,0,1,19.8,66.67309718486358
P15_triggerbot_02,P15,triggerbot,640,32.0,-0.02154002661798772,0.42893583410557573,-0.10682874067096822,0.5846063362620629,0.11253562577576885,-0.19750405035497437,0.2273150170476296,0.1573118138509736,0.04992434229215815,0.06351770977934179,0.17326235137580964,0.2038706674987949,1,1,300.00000000000006,-0.27020881414371967,-0.008647313793614619,0.27034714586398073,1,32.655864608329786,3.3607785495261213,0.39770701366693806,26.416254531992955,38.490744349896694,0.12934055368154235,0.4335222808581627,2.2311500126049832,1.2030482879607673,1,0,1,19.8,64.68623523220614
P15_triggerbot_02,P15,triggerbot,641,32.050000000000004,-0.06416138429715801,0.46468053982175994,-0.11873887858350665,0.564561592161747,-0.04262135767917028,0.0357447057161842,0.05562611003074346,-0.17168890701688613,0.16685911144353477,-0.11693476915137663,0.0,2.78657767737821,0,0,0.0,-0.3267085778962311,0.04597945660828891,0.3299281820350775,0,30.935337134530204,4.130075490766119,0.1817881402067962,24.659717889305483,38.85667687202381,0.24046663737190638,0.48699364081581553,2.6401139352697607,1.2030482879607673,1,0,1,19.8,65.33317416621487
P15_triggerbot_02,P15,triggerbot,642,32.1,-0.19252378959751898,0.5944062045271076,-0.1364494025670108,0.5484390023415209,-0.12836240530036097,0.12972566470534763,0.18249837034269212,0.12687226031194865,0.11063922283284879,0.056219888610685984,0.12312045662757444,0.09280820905867371,0,0,0.0,-0.35574706332736816,0.09870565557897985,0.36918664589787464,0,25.611680203056704,4.1249378206176885,0.28793189862066915,25.299686717126328,39.72810998285995,0.10165474268250786,0.38188509178930674,2.2511517879854166,1.2030482879607673,1,0,1,19.8,67.20214056134049
P15_triggerbot_02,P15,triggerbot,643,32.15,-0.17174574756519778,0.5060755512755056,-0.15567664040054405,0.5315744809357525,0.020778042032321184,-0.08833065325160194,0.09074156343457855,-0.09175680690811357,0.07283912337064861,0.03780009946220017,0.04116048147819138,2.592506888632613,1,0,150.00000000000003,-0.35488345931551585,0.14735183353745193,0.384258809323347,1,26.098912365178546,3.3723763397192226,0.22758957557771486,21.979116556070547,37.89805461721183,0.17004815966991907,0.3158992834900305,2.162140009481303,1.2030482879607673,1,0,1,19.8,81.25534614268395
P15_triggerbot_02,P15,triggerbot,644,32.2,-0.15784697434101305,0.620671207789082,-0.1705678836841777,0.5225737107386287,0.013898773224184736,0.11459565651357642,0.11543543818479188,0.024693874750213327,0.016540152024478144,0.05629897134617047,0.07798675712037877,2.789866479978831,0,0,0.0,-0.3241903555376324,0.1899071895111354,0.37571814868546716,1,26.858192706828248,3.881959890236598,0.39164077228918204,23.843420702742918,40.352429472671005,0.1158469402386979,0.49329275577761955,2.2303522918180536,1.2030482879607673,1,0,1,19.8,64.98732611203481
P15_triggerbot_02,P15,triggerbot,645,32.25,-0.21255402941432977,0.515771811754381,-0.185069597278095,0.5055686966570602,-0.05470705507331673,-0.10489939603470096,0.11830784066679581,0.002872402482003933,0.11827789002375615,-0.101737737999278,0.0,2.781574204760981,0,0,0.0,-0.2662476409908762,0.22461268805736784,0.3483370005749647,0,25.795962133525606,4.582471317221574,0.2803413064232556,23.27823632469783,35.8566078741777,0.0946602354924949,0.5335323445817645,2.671007007153816,1.2030482879607673,1,0,1,19.8,74.01986009930548
P15_triggerbot_02,P15,triggerbot,646,32.300000000000004,-0.17251629462098506,0.3022276328874789,-0.2022342002340071,0.4942518090168982,0.040037734793344715,-0.21354417886690213,0.2172651295889925,0.09895728892219668,0.023866490989089873,0.09441139903466628,0.2461476581513382,0.6660542199177215,1,1,150.00000000000003,-0.18592565309065173,0.2500337693986188,0.3115850354507852,1,30.697822612452438,3.586263764098847,0.25147057372712617,24.061544442923267,38.68590083134619,0.11446645800095465,0.41438519213600117,1.9927528182512573,1.2030482879607673,1,0,1,19.8,69.31113650556615
P15_triggerbot_02,P15,triggerbot,647,32.35,-0.17809166592218229,0.3527753570519976,-0.21891310082279555,0.4799627199666718,-0.005575371301197236,0.050547724164518665,0.05085427399303306,-0.16641085559595944,0.1836911124817329,-0.159824621492643,0.0,3.066107696538979,0,0,0.0,-0.08997580460751611,0.26511964728138127,0.27997155710781396,0,28.098392787211505,3.3532730040395187,0.2764997692570553,23.567098496768807,38.33955696074072,0.23651316138524348,0.595684154712599,2.5190181079200618,1.2030482879607673,1,0,1,19.8,69.55333849870073
P15_triggerbot_02,P15,triggerbot,648,32.4,-0.2847384631143057,0.5408347365967765,-0.23966412948485916,0.4625488170140779,-0.1066467971921234,0.18805937954477886,0.2161940553903023,0.16533978139726924,0.12586254717438236,0.05782856530735053,0.15002630461438865,0.40601526480065564,0,0,0.0,0.01353690196900181,0.26924674346803024,0.2695868256852654,0,28.63765199679844,4.255271802245822,0.37741761690569,26.26802555119369,37.0311792756777,0.13912153056971793,0.46166794333120575,2.423014094054303,1.2030482879607673,1,0,1,19.8,66.15188971939479
P15_triggerbot_02,P15,triggerbot,649,32.45,-0.3147832097532417,0.4803114437893947,-0.25845857754628876,0.4368059976799256,-0.030044746638936005,-0.060523292807381786,0.06757037644445921,-0.14862367894584308,0.10729683548967504,0.018565711684707317,0.015053905529939621,2.16494611148046,0,0,0.0,0.11591177300114287,0.26224446348692837,0.2867188479151927,0,23.70315440758553,3.631050689435074,0.2323930849568664,20.856739943469865,38.30270279539176,0.18223396112005086,0.27817705643482754,1.8920085238097946,1.2030482879607673,1,0,1,19.8,79.89005561018328
P15_triggerbot_02,P15,triggerbot,650,32.5,-0.23356675770094687,0.29102075105652847,-0.27742104128951606,0.41482065710703625,0.08121645205229482,-0.18929069273286622,0.20597834458809275,0.13840796814363354,0.07539877169149373,0.03189806379818132,0.07884372452057709,0.8660781598291685,1,0,200.0,0.2085437548823313,0.24440224819421766,0.3212832965200803,1,27.379626227633,3.559194160026231,0.3109005401315749,25.12103048098151,39.430559338669475,0.13936002221515803,0.3257156766857804,2.302171180742925,1.2030482879607673,1,0,1,19.8,65.56352358955903
P15_triggerbot_02,P15,triggerbot,651,32.550000000000004,-0.28916319456517536,0.3367096810340629,-0.2928083648454705,0.39462215573246134,-0.05559643686422848,0.04568892997753441,0.07196139322227013,-0.13401695136582262,0.1193432824581781,-0.043944510766684375,0.0,2.663988814645925,0,0,0.0,0.2836467262554848,0.21645760966933675,0.35680437511221313,0,24.904264689251406,4.038925605759545,0.28860136682122145,24.825492342631595,38.471415905912295,0.19332682367852097,0.3720526031401357,2.1149730812899543,1.2030482879607673,1,0,1,19.8,74.95187664827678
P15_triggerbot_02,P15,triggerbot,652,32.6,-0.3878482572497983,0.5456368240320367,-0.3045709568004893,0.3831038128751725,-0.09868506268462295,0.20892714299797382,0.23106123144821109,0.15909983822594095,0.04888573008956932,0.07045755236860879,0.19536010578141083,0.4416282549070085,1,1,100.0,0.33490795541052437,0.17956564598333286,0.380009420692,1,25.738922589449835,3.848740487738824,0.31068733919000985,22.984827712710462,38.006949518176775,0.1506790804422916,0.45895917124116226,2.9670702955171935,1.2030482879607673,1,0,1,19.8,68.07216678231579
P15_triggerbot_02,P15,triggerbot,653,32.65,-0.3948892215665014,0.4968092070585382,-0.32083126948759766,0.36939330064474335,-0.0070409643167031015,-0.04882761697349853,0.04933266015349028,-0.1817285712947208,0.188555180742101,-0.1396694506525317,0.0,2.557102239856939,0,0,0.0,0.3580187128675366,0.13525129495397928,0.38271439945481006,0,28.99814930692718,3.9818452434823133,0.3776426446823556,25.782797758058962,37.952796909808576,0.22442808028932815,0.6219604592370068,3.0207207421652575,1.2030482879607673,1,0,1,19.8,69.3852690191453
P15_triggerbot_02,P15,triggerbot,654,32.7,-0.3245854658690098,0.30608776478500244,-0.32231712350640623,0.3502776796156075,0.07030375569749162,-0.19072144227353577,0.20326654079820963,0.15393388064471936,0.16351818844276136,0.025036992299339644,0.06107019380013819,0.4963787210890285,0,0,0.0,0.35103643884791724,0.08534630048980446,0.36126247024334474,0,22.546853812652056,4.439811413603519,0.2678673926911079,23.37603613730047,36.30006205309164,0.1471820837291387,0.3150840967335384,2.9127721804073516,1.2030482879607673,1,0,1,19.8,66.14482597621401
P15_triggerbot_02,P15,triggerbot,655,32.75,-0.2585648896922813,0.3666289096759433,-0.3194935482799986,0.33375011740550087,0.06602057617672853,0.06054114489094088,0.08957648521466507,-0.11369005558354456,0.02812709329515011,0.13539109514761125,0.14553430119224775,1.9597612218184,1,1,150.00000000000003,0.314548023880849,0.03191349703361637,0.31616282295719367,1,26.392055368701314,4.221322000585631,0.3281043927436479,24.97091943543767,38.98176184037601,0.16707103278336502,0.6190941239039108,3.4444241498952346,1.2030482879607673,1,0,1,19.8,65.57388181059773
P15_triggerbot_02,P15,triggerbot,656,32.800000000000004,-0.35897995783913317,0.3116253579985246,-0.3155947997161964,0.33173712859248217,-0.10041506814685187,-0.05500355167741873,0.11449269237845434,0.02491620716378927,0.06685691456021606,-0.038729821265065946,0.0,2.9005854260890773,0,0,0.0,0.25162047809923493,-0.02283845817438352,0.2526548241587139,1,28.18216467170586,4.699127208995643,0.35664642316628814,26.468156304196974,36.98463195111976,0.12540511932457926,0.4491599986957988,3.1783319640423686,1.2030482879607673,1,0,1,19.8,75.68525049728363
P15_triggerbot_02,P15,triggerbot,657,32.85,-0.25497107565512506,0.3607110156910158,-0.32215165342318597,0.32873827641785097,0.10400888218400811,0.04908565769249124,0.11500977942884381,0.0005170870503894698,0.0406100478081496,0.02624686675206646,0.03622375627024101,3.0814156528628236,1,1,100.0,0.16754313568561,-0.07664638045243896,0.18424269307580896,1,29.966846838765317,3.8490561900839766,0.2736918775234091,25.51709131981339,37.13272209579551,0.111931782336779,0.29710327152721455,2.7612273008412886,1.2030482879607673,1,0,1,19.8,68.76813869633469
P15_triggerbot_02,P15,triggerbot,658,32.9,-0.3541046051938505,0.31081071733781107,-0.3265042576457979,0.32161199418192976,-0.09913352953872545,-0.04990029835320476,0.11098421714164677,-0.00402556228719704,0.08152134449749153,-0.04091129668934193,0.0,3.1162033791707175,0,0,0.0,0.06938306330655714,-0.127286106937437,0.14496814302835767,0,34.260304984629244,3.686361711322095,0.30669945484109246,26.505281363269138,37.82338810353273,0.11403568376096813,0.3619059767231132,2.1221626941633023,1.2030482879607673,1,0,1,19.8,72.14466686285513
P15_triggerbot_02,P15,triggerbot,659,32.95,-0.23857277282712985,0.2667596636369267,-0.33053019287761043,0.30960826644136524,0.11553183236672064,-0.04405105370088437,0.12364505498470305,0.012660837843056272,0.023605058869116496,0.05791628562837503,0.08593274785236237,2.310983905693961,1,1,100.0,-0.03460895760753886,-0.17266443286920866,0.17609879705644182,1,23.303488755007898,4.397308529182061,0.2880079848220154,24.54452784021193,38.118503082116355,0.09237727040420743,0.4370549498809199,2.578191666534959,1.2030482879607673,1,0,1,19.8,67.17172986124314
P15_triggerbot_02,P15,triggerbot,660,33.0,-0.3294628600955929,0.28324546698290565,-0.33862148274776194,0.3083044431956893,-0.09089008726846307,0.016485803345978954,0.09237310038983818,-0.03127195459486487,0.10833149618356132,-0.08472643731444482,0.0,2.9567505452289886,0,0,0.0,-0.13569194496214523,-0.21090563469154053,0.25078574654922353,0,25.64414267990692,3.601214772141872,0.3677745549953988,24.55594090370595,37.33637385756681,0.12103578703942651,0.511646783903515,1.9267847046196072,1.2030482879607673,1,0,1,19.8,75.21150777730116
P15_triggerbot_02,P15,triggerbot,661,33.050000000000004,-0.4681295771111227,0.4424097067580325,-0.3407308174288089,0.30812663181475936,-0.13866671701552977,0.15916423977512684,0.21109645575200708,0.11872335536216891,0.027313718638315256,0.08101777754524606,0.20523078831247182,0.6746814962229895,1,1,100.0,-0.22536943359808914,-0.24042900351747698,0.3295413287172498,1,24.81048800179611,3.74855111290242,0.28668282141998147,21.511433262094375,38.00541654360758,0.11455011854982589,0.41967490301336835,2.5116529831213708,1.2030482879607673,1,0,1,19.8,65.30587599103026
P15_triggerbot_02,P15,triggerbot,662,33.1,-0.4330624277559621,0.40233599615595045,-0.34187200847744925,0.304225786052821,0.03506714935516058,-0.040073710602082036,0.05325042014216002,-0.15784603560984706,0.18717844314650908,-0.15986472450819383,0.0,3.1394088314495994,0,0,0.0,-0.29610364017812596,-0.2600141840952696,0.39406185004065775,0,22.10902034326106,3.4580883709430807,0.3638075219396071,20.840725475058207,39.20226088488237,0.23075825094780703,0.6330724495038301,2.4035635438743683,1.2030482879607673,1,0,1,19.8,76.146701572519
P15_triggerbot_02,P15,triggerbot,663,33.15,-0.27836562511665736,0.25818840052657666,-0.3393882343067014,0.3096643913939408,0.15469680263930474,-0.1441475956293738,0.21144651823227892,0.1581960980901189,0.1317682846800991,0.05541015846640998,0.14059542098905467,0.10181591417122915,0,0,0.0,-0.34194904669279486,-0.2688516184738987,0.4349831528808282,0,26.050044123461696,3.408673453607639,0.29881900568129927,22.473168726582593,36.68499097748876,0.12463381296717368,0.39196559875786896,2.634033541431556,1.2030482879607673,1,0,1,19.8,73.82945124969007
P15_triggerbot_02,P15,triggerbot,664,33.2,-0.3080661031896769,0.3136484060603015,-0.32784161569906156,0.31488786506782585,-0.029700478073019586,0.05546000553372484,0.06291208637111559,-0.14853443186116333,0.07525093303989343,0.056517351640205674,0.042667494094263965,2.8125746818614,1,0,150.00000000000003,-0.3590521471332598,-0.26657600926743397,0.4471925905892841,1,24.339367736123034,3.601297664437879,0.395684104085162,23.465854779746966,38.6072757969973,0.20474881759897573,0.43169890183703186,3.019141569935086,1.2030482879607673,1,0,1,19.8,63.50559266688893
P15_triggerbot_02,P15,triggerbot,665,33.25,-0.3948536430883721,0.5127110554075919,-0.30933453738465694,0.3165975672250697,-0.0867875398986952,0.1990626493472904,0.21715896354244718,0.1542468771713316,0.003210370209613172,0.07204056283028025,0.18773104748685848,0.08053081769240156,0,0,0.0,-0.3459753514479326,-0.2532814193066596,0.42877782262556025,1,23.438378143391503,3.5929144222923246,0.32537208948831353,22.355627350459546,37.6017950376241,0.1211910022744997,0.3954259690953301,2.298596405180913,1.2030482879607673,1,0,1,19.8,76.6392208931005
P15_triggerbot_02,P15,triggerbot,666,33.300000000000004,-0.37663410526015273,0.4777390420381435,-0.29476928567167826,0.32102081966813384,0.018219537828219376,-0.03497201336944837,0.03943340307134032,-0.17772556047110685,0.21624528914490027,-0.2130349189352871,0.0,3.072440875978093,0,0,0.0,-0.30381782124492634,-0.22951738353028528,0.38076698629030603,0,29.616917000608137,3.503830102123131,0.2946612234475185,27.21743216753202,39.592743496360484,0.2546406068033815,0.729934298597862,1.8965304089929296,1.2030482879607673,1,0,1,19.8,71.33918330931235
P15_triggerbot_02,P15,triggerbot,667,33.35,-0.29297388645897743,0.2817521181713895,-0.2856335439914948,0.3193457857909749,0.0836602188011753,-0.19598692386675398,0.21309600309863475,0.17366260002729442,0.18267327603071,0.03357201311419025,0.08584874172730671,0.07683610587011103,0,0,0.0,-0.23612308047363942,-0.19626619383165939,0.3070415736891786,0,27.132301362490132,4.258448823233901,0.32009172481817844,24.391730286551073,40.396736059679306,0.1383313255895934,0.3847016814233297,2.4909179367913166,1.2030482879607673,1,0,1,19.8,64.40344695269089
P15_triggerbot_02,P15,triggerbot,668,33.4,-0.22607226364486915,0.3363367084260957,-0.2887048665890984,0.3160869372860963,0.06690162281410827,0.0545845902547062,0.08634410592759288,-0.12675189717104185,0.03459919557286063,0.14807408045784937,0.15342388905820148,1.8517029951336808,1,1,200.0,-0.14858116680979863,-0.15490229579706685,0.21464175822463624,1,22.9513973384079,3.5068129246690303,0.26099683966171633,22.458809751790852,36.106146640456956,0.16274077897015599,0.6348587254309112,1.719281386274677,1.2030482879607673,1,0,1,19.8,76.08903766741798
P15_triggerbot_02,P15,triggerbot,669,33.45,-0.3467191233442663,0.2848482979992408,-0.2931323751191873,0.30437363835475006,-0.12064685969939715,-0.051488410426854925,0.13117439217930565,0.04483028625171277,0.07428792902843456,-0.03968873345557393,0.0,2.860604137250668,0,0,0.0,-0.048550359216831505,-0.10713547568078106,0.11762290393214497,1,22.814657538966458,3.5157853805906387,0.49530590227287885,22.982840507351874,38.572751473516014,0.14518655046892923,0.4039872643333605,3.621266439537357,1.2030482879607673,1,0,1,19.8,78.88377323840673
P15_triggerbot_02,P15,triggerbot,670,33.5,-0.23842615222206667,0.27272864271903074,-0.2950690753703961,0.2932014767833723,0.10829297112219963,-0.012119655280210043,0.10896904899366924,-0.02220534318563641,0.05232115300242108,0.021966776026013483,0.028724384316139467,2.6267724172844424,1,1,100.0,0.05556131743576755,-0.05494018599638673,0.07813759679255369,1,25.743316848774597,4.5933052700913475,0.3033036737554131,24.034672711282173,37.777837319345345,0.11414796722399764,0.3462792103337887,2.3475583868143253,1.2030482879607673,1,0,1,19.8,73.77908276435136
P15_triggerbot_02,P15,triggerbot,671,33.550000000000004,-0.36684453645126447,0.3200052257897662,-0.3008057792400819,0.2912437827774576,-0.12841838422919777,0.04727658307073548,0.13684427907253569,0.027875230078866442,0.06506941123361927,-0.012748258231198191,0.0,2.9002970023205266,0,0,0.0,0.1550028234677242,-0.0004739310672353543,0.15500354800333754,1,29.689768743287313,3.3710953058483093,0.22770370730188935,24.24164575802296,37.44119458330159,0.12076124925846991,0.23448151751955937,2.4047164130854557,1.2030482879607673,1,0,1,19.8,64.8460792364407
P15_triggerbot_02,P15,triggerbot,672,33.6,-0.3078523982632399,0.22524086135236515,-0.31944591688002155,0.2762041454101899,0.058992138188024575,-0.09476436443740104,0.111625969806401,-0.025218309266134692,0.06453808007430586,0.0005313311593134057,0.0007117242713606191,2.48035330402746,1,0,100.0,0.24141566737131367,0.05401191391175991,0.24738393500134184,1,29.534382647339886,3.4185386683941794,0.353489550075892,24.678283169464883,36.3687822619464,0.11526738853174964,0.2776159384523806,2.1781598307997982,1.2030482879607673,1,0,1,19.8,71.08845010369056
P15_triggerbot_02,P15,triggerbot,673,33.65,-0.33414620374648807,0.3270094168418634,-0.3224715907939244,0.26330533086791763,-0.02629380548324815,0.10176855548949824,0.10511043284664931,-0.006515536959751683,0.04077529435515635,0.023762785719149512,0.029972600310983782,2.8376223038551873,0,0,0.0,0.3075364734119436,0.10626516398646267,0.32537819157977527,1,27.497157143241015,3.420600419497352,0.31780013492169557,22.764931566990562,38.52015197900718,0.10521271651788008,0.2868027771748253,1.9168397775984227,1.2030482879607673,1,0,1,19.8,81.77990916852778
P15_triggerbot_02,P15,triggerbot,674,33.7,-0.2947449910739821,0.20719002847364776,-0.3195617294065254,0.2582005780318797,0.039401212672505966,-0.11981938836821564,0.12613144488587028,0.021021012039220965,0.07033749490955271,-0.02956220055439636,0.0,3.0767322467180307,1,0,100.0,0.3478074999802337,0.15412591902742936,0.38042720191719986,1,29.026906374322422,3.592008547986903,0.33614258340070025,24.307298290992954,39.48112515487914,0.12251252365395277,0.31189231872708906,2.1942853043175186,1.2030482879607673,1,0,1,19.8,66.90340523817649
P15_triggerbot_02,P15,triggerbot,675,33.75,-0.33804780065184453,0.31172191917819053,-0.3129540064257937,0.25254652093286095,-0.043302809577862415,0.10453189070454279,0.11314614218612622,-0.012985302699744058,0.048875143460507336,0.021462351449045375,0.029140587224427604,3.066558407896067,0,0,0.0,0.3588437919703204,0.19561584369933713,0.4086984528253588,1,26.52085058224636,3.545904776626131,0.37987052994787845,22.98109792529881,36.939723609548594,0.12570960500388004,0.33537244981675135,2.621638411606087,1.2030482879607673,1,0,1,19.8,69.95461164750112
P15_triggerbot_02,P15,triggerbot,676,33.800000000000004,-0.27171600085965425,0.19457178730815386,-0.3089527150665779,0.24813650070021356,0.06633179979219028,-0.11715013187003667,0.1346256330006964,0.021479490814570193,0.06992588539470519,-0.021050741934197856,0.0,3.0191218426000317,1,0,100.0,0.33971770099314585,0.22901994240781917,0.4097050773282524,1,25.574330044200195,4.477428429921263,0.2603336993305162,23.79428998404212,37.66409907605713,0.12504626925230636,0.3142978469874602,2.6716223546845144,1.2030482879607673,1,0,1,19.8,72.21142416868038
P15_triggerbot_02,P15,triggerbot,677,33.85,-0.38544394701800305,0.22815733998937132,-0.3182859680262327,0.2304069423796771,-0.1137279461583488,0.033585552681217455,0.11858345199183197,-0.01604218100886444,0.05876155359498516,0.011164331799720033,0.015886860047915802,2.373154111112475,0,0,0.0,0.2920368582621524,0.2529574490374426,0.38635863858228775,1,24.998948948696995,3.8861305221759106,0.3629074928454222,22.64428381032772,38.77359692053606,0.11801782786031756,0.32270820783871634,2.997677577235956,1.2030482879607673,1,0,1,19.8,70.73513852858322
P15_triggerbot_02,P15,triggerbot,678,33.9,-0.2707984104384118,0.18627440018364116,-0.32599263607812257,0.20871406647126292,0.11464553657959126,-0.04188293980573014,0.12205646113333293,0.003473009141500963,0.06254997408129222,-0.003788420486307058,0.0,3.078483612140439,1,0,100.0,0.21980904619084388,0.2664389012371773,0.34540657909165956,1,27.974840432788046,3.785273295508224,0.25293682413140883,23.171813566418443,34.00501426867108,0.11342607535795304,0.2841400706966203,2.200688021021317,1.2030482879607673,1,0,1,19.8,64.80265086296512
P15_triggerbot_02,P15,triggerbot,679,33.95,-0.3797060025630911,0.1870397739008175,-0.33579381002331454,0.19443424189969377,-0.10890759212467932,0.0007653737171763333,0.10891028151337438,-0.01314617961995855,0.0655056103248585,-0.002955636243566276,0.0,2.798358229191855,0,0,0.0,0.1291053268327578,0.2689070400746183,0.2982937840758429,1,26.60111920543433,5.273282964287191,0.347169086122436,26.03693967237078,39.397243400682726,0.12139988859129287,0.4224048209957555,2.6933936643622842,1.2030482879607673,1,0,1,19.8,77.25259884909266
P15_triggerbot_02,P15,triggerbot,680,34.0,-0.281993926642326,0.15598456721223164,-0.3436354177212483,0.18032202293978206,0.09771207592076513,-0.031055206688585843,0.10252841383351327,-0.006381867679861111,0.03669080632538722,0.028814803999471277,0.03545203378787237,2.8408928147318737,1,1,100.0,0.027549742685098223,0.26025984446233297,0.26171391816556655,1,24.592070892185077,3.4100596822231224,0.3502360275244174,23.53526160789899,39.543261408632,0.09909315160516902,0.29147626262554494,2.3489313549438497,1.2030482879607673,1,0,1,19.8,64.02184387037259
P15_triggerbot_02,P15,triggerbot,681,34.050000000000004,-0.40061184824374485,0.17035448057368088,-0.35746734912116457,0.1823502061445946,-0.1186179216014189,0.014369913361449244,0.11948516951930026,0.016956755685786987,0.07994613447178664,-0.04325532814639942,0.0,2.954422268491003,0,0,0.0,-0.07632151727503199,0.24085474822301484,0.25265783926238045,1,29.014804504264255,4.216379488113089,0.2768288040316692,25.006944006201625,37.07050595066725,0.13191924148423503,0.3507073591594958,2.20686776507725,1.2030482879607673,1,0,1,19.8,65.10899554536384
P15_triggerbot_02,P15,triggerbot,682,34.1,-0.3042355881678351,0.28672703585332054,-0.3741099537030677,0.189184191863995,0.09637626007590978,0.11637255527963968,0.15109915661092285,0.031613987091622595,0.03251012829137644,0.047436006180410197,0.08601048632220605,2.1419226237778224,1,1,100.0,-0.1737776214369932,0.2114938654800772,0.27373037253473337,1,30.53894137022341,3.454108654069105,0.4196385654947604,26.439008214860998,37.810908158581135,0.11572737111826593,0.3833346543152091,2.734353016176274,1.2030482879607673,1,0,1,19.8,73.77285822118667
P15_triggerbot_02,P15,triggerbot,683,34.15,-0.37294767434187787,0.22327657456530658,-0.38081650754141355,0.20283562922216394,-0.06871208617404279,-0.06345046128801395,0.09352706466072182,-0.057572091950201035,0.11358875524741255,-0.0810786269560361,0.0,3.0080871776327003,0,0,0.0,-0.25662695996385243,0.17339083508557968,0.3097124122019707,0,30.37095879035747,4.2000771819294895,0.43485638615796574,26.70941097872364,37.20559253803773,0.1444257367900923,0.5524887639278374,2.261231521227883,1.2030482879607673,1,0,1,19.8,72.90535539477273
P15_triggerbot_02,P15,triggerbot,684,34.2,-0.5564121639895503,0.059786003865203635,-0.3903813479094417,0.20717414538842388,-0.18346448964767245,-0.16349057070010295,0.24574048439263377,0.15221341973191194,0.023732281800469514,0.08985647344694303,0.2649764797279873,0.017714998664022374,1,1,100.0,-0.3179056852618974,0.1281206545786918,0.3427519902954745,1,28.33483026160194,4.004323045727489,0.28749719901731097,23.85520020357329,38.04965772149209,0.11427720875030793,0.4802914063308865,2.0519728937243564,1.2030482879607673,1,0,1,19.8,65.51866442460522
P15_triggerbot_02,P15,triggerbot,685,34.25,-0.5348640968471291,0.06966669415328298,-0.3986973252970335,0.20239233388206396,0.02154806714242121,0.009880690288079353,0.023705426343840312,-0.22203505804879345,0.21262769270413548,-0.18889541090366596,0.0,2.84363456902152,0,0,0.0,-0.3524630536885073,0.07755457729957844,0.3608946060493892,0,25.764615301544076,3.62041464242997,0.41670655261978407,24.8288783229705,38.28451873512175,0.26899904763679827,0.825170902371151,2.136606289852691,1.2030482879607673,1,0,1,19.8,74.59682393195338
P15_triggerbot_02,P15,triggerbot,686,34.300000000000004,-0.3761086207844482,0.1979730374023655,-0.4001534751328438,0.18367256009229516,0.15875547606268092,0.1283063432490825,0.20412206862032295,0.18041664227648263,0.17647744635265233,0.036150246351483145,0.08854875679678825,0.2497871914060787,0,0,0.0,-0.35739436797944585,0.023782763701502736,0.3581848044134607,0,26.20181042723509,4.022525794594781,0.3967046142183458,24.763356020195175,36.96388126225945,0.14937432948269255,0.44536152672334417,2.2249916644256014,1.2030482879607673,1,0,1,19.8,64.13981650951979
P15_triggerbot_02,P15,triggerbot,687,34.35,-0.37185485314402056,0.12244870610479842,-0.4004140919373812,0.16166031412085632,0.0042537676404276244,-0.07552433129756707,0.07564402922295597,-0.12847803939736696,0.043696336231834325,0.132781110120818,0.12052917809082832,2.1942540856758184,1,1,150.00000000000003,-0.33228512969972873,-0.030972115913021018,0.333725455102986,1,27.40129424711632,4.5285390672737975,0.384703050601056,26.41477197093945,38.70733252608393,0.18145141926525565,0.7046288839515797,3.178415836236553,1.2030482879607673,1,0,1,19.8,64.57642032631603
P15_triggerbot_02,P15,triggerbot,688,34.4,-0.5495118286282081,0.15301831551398135,-0.4029848945323952,0.13365310895639257,-0.17765697548418755,0.030569609409182928,0.18026786168815342,0.10462383246519745,0.03308501352731672,0.010611322704517603,0.022954565443516095,1.7974624386310079,0,0,0.0,-0.27924587964163555,-0.08444675598121919,0.29173535249020194,1,24.388845902515044,4.942618210275026,0.34224998613239344,26.38774126898867,35.76929801967012,0.16646501267809283,0.3847132854938804,2.3584089136072524,1.2030482879607673,1,0,1,19.8,80.36629303676285
P15_triggerbot_02,P15,triggerbot,689,34.45,-0.49022066834113465,0.11652660785685359,-0.4003591670749291,0.10638255614691715,0.05929116028707349,-0.03649170765712776,0.06962101992875942,-0.110646841759394,0.1562735118315632,-0.1231884983042465,0.0,2.7602808248886093,0,0,0.0,-0.20273479768272334,-0.13443076993689493,0.24325507208952732,0,30.488460353013178,5.227028968204167,0.2848818016140857,28.07857051511082,39.01808022665391,0.18883801556739477,0.6376081974790332,3.109134731427381,1.2030482879607673,1,0,1,19.8,63.96007425084049
P15_triggerbot_02,P15,triggerbot,690,34.5,-0.25639667602271454,0.05939633914406776,-0.3978545908879292,0.09799395117819445,0.23382399231842008,-0.057130268712785835,0.24070215409696624,0.1710811341682068,0.09420696167301332,0.062066550158549894,0.17927462784636433,0.312078794174525,0,0,0.0,-0.10918297335810485,-0.17885805704835536,0.20954981804437192,0,26.56531204513848,3.319475584456175,0.24184124710676924,23.125534597805768,40.0069475704715,0.14803878123034653,0.33041635071891834,2.439382238269095,1.2030482879607673,1,0,1,19.8,72.18002525511659
P15_triggerbot_02,P15,triggerbot,691,34.550000000000004,-0.28278061203888044,0.054890919008435325,-0.39890225348086744,0.08296576055952154,-0.0263839360161659,-0.004505420135632433,0.026765853065121952,-0.2139363010318443,0.1444415356901915,-0.05023457401717818,0.0,2.7328249022622786,0,0,0.0,-0.006453844786840509,-0.215892205168101,0.21598864869450443,0,23.52720910893262,4.69482582476039,0.2555761477340779,22.76388563529062,38.628270623116634,0.26677586726114755,0.4548942013475804,2.1376754613103146,1.2030482879607673,1,0,1,19.8,66.94849943768776
P15_triggerbot_02,P15,triggerbot,692,34.6,-0.46155970594466667,0.10251207189877053,-0.3896165490559884,0.07138169005455494,-0.17877909390578622,0.0476211528903352,0.1850128066388341,0.15824695357371216,0.10810117005851046,0.03634036563168104,0.08068119647758484,0.4294566244628406,0,0,0.0,0.09681775753602363,-0.24400239925203474,0.2625087598825106,0,24.083196884001897,4.532230971128532,0.3606164449416618,27.153122078190002,39.66332913012358,0.14683871237771373,0.43798890245676125,2.2876097522940073,1.2030482879607673,1,0,1,19.8,81.23309197405496
P15_triggerbot_02,P15,triggerbot,693,34.65,-0.4073165786570196,0.037458183038316134,-0.3869295350706028,0.060554705184595936,0.05424312728764706,-0.06505388886045439,0.08470138909021642,-0.10031141754861768,0.0856159040498884,0.02248526600862205,0.022854399179919768,2.5261450642102594,0,0,0.0,0.1919514058349338,-0.2620266979519368,0.32481276551515487,0,25.94503117575828,4.225745539648468,0.2797788406945103,23.764613763761567,39.86847848180983,0.17534747853870544,0.41998764589891613,2.1466295867737935,1.2030482879607673,1,0,1,19.8,76.18205620853354
P15_triggerbot_02,P15,triggerbot,694,34.7,-0.2408692633356685,0.12030796463571032,-0.3847136010263789,0.05612198277383634,0.1664473153213511,0.08284978159739419,0.18592685413468704,0.10122546504447062,0.02931265969404426,0.05630324435584415,0.12561942120790412,1.337620780485996,1,1,350.00000000000006,0.2709507027992462,-0.26922006272878607,0.38196037166582736,1,25.784054223900785,3.7465248774757027,0.30011214870868713,27.624097717509667,37.38141943846055,0.14951936050078438,0.3740075399871995,2.251225206570504,1.2030482879607673,1,0,1,19.8,70.38768376928984
P15_triggerbot_02,P15,triggerbot,695,34.75,-0.29519074759598685,0.11068631323108226,-0.3862937914962187,0.05771970284056184,-0.05432148426031836,-0.00962165140462806,0.05516701757387467,-0.13075983656081236,0.1583211416875734,-0.12900848199352916,0.0,2.855049719206361,0,0,0.0,0.32717541358996327,-0.2652851541923881,0.421212493039609,0,28.368942959410937,3.406708612099178,0.29576131987513316,23.718786359830517,38.08362174259447,0.1963110257352803,0.5949657785274857,2.1934428329502302,1.2030482879607673,1,0,1,19.8,71.95877483324213
P15_triggerbot_02,P15,triggerbot,696,34.800000000000004,-0.5000427824473396,0.030694080738370697,-0.3837843228861553,0.07003517373784113,-0.2048520348513527,-0.07999223249271156,0.2199161509346411,0.1647491333607664,0.09747480046039438,0.06084634122717904,0.16057311793364376,0.19697340588907508,0,0,0.0,0.3558996064868613,-0.25038462269357725,0.4351516852534387,0,22.193288877133696,3.3932557518826263,0.24990775570529572,20.108726627666645,38.12026700899201,0.14143280557818844,0.36829981755589536,2.298955306701163,1.2030482879607673,1,0,1,19.8,63.56340282889273
P15_triggerbot_02,P15,triggerbot,697,34.85,-0.4506011798207172,0.05246650392728153,-0.3767822156155963,0.08282446732601836,0.04944160262662239,0.02177242318891083,0.0540232402009159,-0.1658929107337252,0.13383102981543646,-0.03635622935504208,0.0,3.0990583523743167,0,0,0.0,0.35470888802410017,-0.22513438513451145,0.4201236563360699,0,31.376371062104955,3.4129691172581844,0.2705425677492287,27.90744022857725,36.251447750553005,0.2471335658940875,0.29289455155222455,2.318759182326544,1.2030482879607673,1,0,1,19.8,64.32812023621666
P15_triggerbot_02,P15,triggerbot,698,34.9,-0.2644544214281584,0.17025129394263572,-0.37330519690592656,0.09415424589478492,0.1861467583925588,0.11778479001535418,0.2202813483230451,0.1662581081221292,0.08782104989757722,0.04600997991785924,0.12162168495146713,0.1493407941431637,0,0,0.0,0.3237033432723614,-0.190578165901594,0.3756379796614284,0,26.91362293353403,4.3939122220696465,0.3891551991768265,25.20130507450533,39.03732035636867,0.13982701522939922,0.45380848742543733,3.022324271631356,1.2030482879607673,1,0,1,19.8,69.48454254415685
P15_triggerbot_02,P15,triggerbot,699,34.95,-0.3291247786329704,0.15341462183128085,-0.37961758601794754,0.1014184208163773,-0.064670357204812,-0.016836672111354877,0.06682610738912789,-0.15345524093391721,0.13416601246646057,-0.04634496256888335,0.0,2.8321302939317072,0,0,0.0,0.2654891232528887,-0.14814435427755274,0.3040250388864387,0,19.86967050044372,5.280656777378776,0.237624186206298,21.823791099459935,40.941157902493835,0.22193505291378704,0.5303808076316322,2.9339177539380965,1.2030482879607673,1,0,1,19.8,63.546455232779735
P15_triggerbot_02,P15,triggerbot,700,35.0,-0.5013540574095134,0.024746135047470058,-0.3904888651470709,0.11449064312105425,-0.17222927877654298,-0.1286684867838108,0.2149848923974051,0.1481587850082772,0.07266792437068903,0.061498088095771536,0.158653918222987,0.3869354105247642,1,0,300.00000000000006,0.18495938659809552,-0.09958696164136457,0.2100655555289881,1,23.114686455636296,3.827184665139084,0.32439012300820513,21.880280014104574,36.80651097929539,0.12533141408366869,0.4797478072795355,2.158131729362045,1.2030482879607673,1,0,1,19.8,70.05881111326025
P15_triggerbot_02,P15,triggerbot,701,35.050000000000004,-0.48253764340476935,0.07437793082976302,-0.4069276335917568,0.12620433793125735,0.018816414004744125,0.04963179578229296,0.05307892791469289,-0.16190596448271222,0.13860056438347695,-0.06593264001278792,0.0,2.574802078653924,0,0,0.0,0.08888300826578427,-0.04691311900382805,0.10050387998999247,0,22.85170630795212,3.3838475821756777,0.3082090197158225,21.13687405907688,38.70257013563474,0.21229912461134887,0.35831436347410694,1.9860404060620744,1.2030482879607673,1,0,1,19.8,63.70911678353768
P15_triggerbot_02,P15,triggerbot,702,35.1,-0.34230180207890415,0.21607965585323444,-0.424402078469897,0.13912478574112197,0.14023584132586517,0.14170172502347142,0.1993626596607317,0.14628373174603881,0.08701666007845466,0.0515839043050223,0.12340685229520695,0.41782079238333814,0,0,0.0,-0.01466437386981083,0.007699888215121811,0.01656297495980002,0,31.018442454833547,5.049017105498118,0.3703426593388705,29.99141670192884,38.54153413807591,0.147921435628957,0.5343230363802667,2.531754993077455,1.2030482879607673,1,0,1,19.8,63.766688920719055
P15_triggerbot_02,P15,triggerbot,703,35.15,-0.39607090593101113,0.20312040230332637,-0.4417854138840058,0.15136327917102704,-0.05376910385210701,-0.012959253549908055,0.05530875863395845,-0.14405390102677323,0.11868107864635168,-0.03166441856789702,0.0,2.587501408751607,0,0,0.0,-0.11697915153922672,0.06199461878087276,0.13239129371912306,0,26.599158379774067,3.580191486889403,0.34747317142946516,25.120988003275386,37.406517332991754,0.20613978978678238,0.3195221251609174,2.911711010513229,1.2030482879607673,1,0,1,19.8,64.06413047674522
P15_triggerbot_02,P15,triggerbot,704,35.2,-0.5868737089187188,0.09366306474194908,-0.4618949132039621,0.15779147536235624,-0.1908028029877077,-0.1094573375613773,0.21996958511119508,0.16466082647723662,0.0799219090806101,0.038759169565741575,0.1023100613835676,0.2843260443815203,1,0,200.0,-0.20946132224468192,0.11372678749759388,0.23834392736340768,1,26.50426530644306,3.416548544994594,0.26214255548866544,22.754764600159685,37.70894051089926,0.14271396580184392,0.2922297824201317,2.65191283027201,1.2030482879607673,1,0,1,19.8,73.27847613055042
P15_triggerbot_02,P15,triggerbot,705,35.25,-0.5425090358821683,0.13738287297440113,-0.47420381414894175,0.17425809794010788,0.04436467303655055,0.04371980823245205,0.06228680314097375,-0.15768278197022134,0.13852820854845757,-0.05860629946784747,0.0,2.8843476536704293,0,0,0.0,-0.2843373569105696,0.1607580332537889,0.3266356958302551,0,22.784759309047626,4.073787313274745,0.30434511503983014,21.759005635000758,40.65711564191551,0.21561654080192144,0.4225266651357815,2.134703903996763,1.2030482879607673,1,0,1,19.8,64.78691312128352
P15_triggerbot_02,P15,triggerbot,706,35.300000000000004,-0.39217557946114867,0.3024673687342624,-0.48883354437178467,0.19964998924463162,0.15033345642101956,0.16508449575986128,0.22327794082662586,0.1609911376856521,0.08220858931700302,0.05631961923145455,0.1508991433216657,0.05405352442630673,0,0,0.0,-0.3353135988450973,0.2011443086715592,0.39101693375276003,0,25.31740245495728,4.4357213166756715,0.3188682748001347,24.709824863769917,37.235676025607845,0.15230584932461014,0.4202917789752611,2.2304372076244476,1.2030482879607673,1,0,1,19.8,67.57521676334679
P15_triggerbot_02,P15,triggerbot,707,35.35,-0.4440625638105126,0.30033405755881576,-0.5148409757329061,0.21993052445818856,-0.05188698434936396,-0.002133311175446654,0.05193082092016673,-0.17134711990645912,0.14784833480820858,-0.06563974549120556,0.0,2.350553365549808,0,0,0.0,-0.3581052729849108,0.23321623775266964,0.4273513777807523,0,26.62840966018607,4.858070752677362,0.33698582573440244,24.703030816434964,39.707797391946144,0.21160628564283102,0.505755057360833,2.343531708006955,1.2030482879607673,1,0,1,19.8,68.72540974849659
P15_triggerbot_02,P15,triggerbot,708,35.4,-0.6464657282697845,0.2227888853716694,-0.552378801875367,0.25453284762712924,-0.20240316445927195,-0.07754517218714636,0.21674938226592774,0.164818561345761,0.11760169326896885,0.030246641539239727,0.07867129043098993,0.32478111336772875,0,0,0.0,-0.35079663989338544,0.25564811992013714,0.43406709594161863,0,23.383544793277096,4.232705797822851,0.3640413561202164,25.448281309750378,40.70149519591303,0.14922673806108644,0.3802874237558544,3.2118964307847224,1.2030482879607673,1,0,1,19.8,70.35206441211932
P15_triggerbot_02,P15,triggerbot,709,35.45,-0.6536298810312318,0.2952742872327077,-0.5790158960330818,0.2831209644841231,-0.007164152761447187,0.07248540186103831,0.07283857884216006,-0.14391080342376766,0.09049552275549723,0.027106170513471625,0.023692499256654447,1.838153165830343,0,0,0.0,-0.3140020220005215,0.26751272815693244,0.4125049448750655,0,31.00891413620244,3.5890928179899064,0.22448682942993203,25.995085358314725,39.36680657900744,0.1779004949451483,0.3192814720182216,1.9095327976470615,1.2030482879607673,1,0,1,19.8,77.96688648891333
P15_triggerbot_02,P15,triggerbot,710,35.5,-0.504567325196813,0.4054414528495262,-0.6062057063608535,0.30945567355229797,0.14906255583441871,0.11016716561681851,0.18535492961324962,0.11251635077108955,0.04949913192281267,0.04099639083268456,0.09118659764627424,1.032845097262534,1,1,300.00000000000006,-0.25081416712821886,0.2683196361483284,0.36729167370768623,1,30.969334279080073,4.375760795136575,0.3205995083686803,28.382880907455075,35.14298012726884,0.13631104149070195,0.44879959016062615,2.925768927171698,1.2030482879607673,1,0,1,19.8,65.13606574489584
P15_triggerbot_02,P15,triggerbot,711,35.550000000000004,-0.5761510615883867,0.3804607464196594,-0.6213921255148328,0.3355331713031178,-0.07158373639157371,-0.02498070642986681,0.07581732657851703,-0.10953760303473259,0.13614404797168733,-0.08664491604887467,0.0,2.840884304565022,0,0,0.0,-0.16654428957133788,0.2580354901666107,0.3071144974994582,0,25.53852196377755,4.208801523359789,0.3208636198133202,25.402904265290154,38.19764067021747,0.17632595218226435,0.4764751708218394,2.429390601193894,1.2030482879607673,1,0,1,19.8,69.67544902812114
P15_triggerbot_02,P15,triggerbot,712,35.6,-0.7991911542243411,0.30353555297847346,-0.6410216044290202,0.35616954053919,-0.22304009263595434,-0.07692519344118595,0.23593297418762596,0.16011564760910893,0.06926940169776134,0.06687464627392599,0.18933521031783357,0.003639740728871743,1,0,100.0,-0.06827563941348892,0.23708538775510005,0.2467205788423554,1,26.133211813537162,3.70531646512736,0.36633658370598876,23.970493889565113,37.777465597036496,0.13005148225894467,0.4316135576336383,3.226353947771507,1.2030482879607673,1,0,1,19.8,63.807161293874685
P15_triggerbot_02,P15,triggerbot,713,35.65,-0.7554109722138685,0.32836858914549044,-0.6517261953848152,0.3625554274621041,0.04378018201047248,0.02483303616701698,0.050332733108211715,-0.18560024107941425,0.15883721122459485,-0.0895678095268335,0.0,2.9577431411206785,0,0,0.0,0.035731875479931396,0.20633530622326046,0.2094063645631622,0,26.909320459529347,3.3260388789699746,0.40068184935267737,23.27829612311031,39.49677179081347,0.2508408763149057,0.4980557701860096,2.3239573568860616,1.2030482879607673,1,0,1,19.8,67.72771599499882
P15_triggerbot_02,P15,triggerbot,714,35.7,-0.5783421538594977,0.4367674235406124,-0.6586663867862559,0.36979953621035516,0.1770688183543708,0.10839883439512193,0.20761424260304068,0.15728150949482897,0.10524275834589412,0.053594452878700724,0.13352366090562964,0.033362362773475374,0,0,0.0,0.13673597067801296,0.16705630727511525,0.21588083629089486,0,21.994457463726416,3.455891015924298,0.285112390603362,22.553180400940384,36.769026989183445,0.12571487915413707,0.3739338468730743,2.284502900168583,1.2030482879607673,1,0,1,19.8,75.20668056196715
P15_triggerbot_02,P15,triggerbot,715,35.75,-0.6142051548203389,0.37685174151356243,-0.66459488793282,0.3696097522117212,-0.035863000960841204,-0.05991568202704996,0.06982867455912259,-0.1377855680439181,0.1093146236943741,-0.004071865348479975,0.0,2.65948534091601,0,0,0.0,0.2262468122507286,0.12087199738093195,0.25651054521105454,0,21.443610567314643,3.5863528407415615,0.37346372039825715,20.99773481658196,37.91123983476409,0.20661429487603933,0.27404325897017534,2.2088512660052175,1.2030482879607673,1,0,1,19.8,68.49197222143519
P15_triggerbot_02,P15,triggerbot,716,35.800000000000004,-0.8194916167470513,0.2949543494229693,-0.6757207359397419,0.36200599579610704,-0.20528646192671243,-0.08189739209059316,0.22101971468995227,0.15119104013082968,0.06328161570602635,0.04603300798834775,0.12209042750285896,0.6518440450574787,1,0,200.0,0.2967406242720976,0.06969141562964237,0.3048145198409317,1,29.7070703018809,4.749759495070865,0.2677712802369305,28.3306668971008,40.3494533459968,0.15057225646045305,0.3997773933296056,2.4843046320887794,1.2030482879607673,1,0,1,19.8,70.73806118820362
P15_triggerbot_02,P15,triggerbot,717,35.85,-0.7695412981704272,0.32886993462872016,-0.6818160632109357,0.35495467778800555,0.04995031857662414,0.03391558520575086,0.06037633017793304,-0.16064338451201923,0.15018188121537168,-0.08690026550934533,0.0,2.9247035408711266,0,0,0.0,0.34229209494181745,0.015630123158471124,0.3426487691640044,0,31.08772210029013,3.6626083015856064,0.36218432476566476,26.79001811818732,36.868357694134225,0.21789594183121894,0.45938088058623455,1.9785306957067528,1.2030482879607673,1,0,1,19.8,75.59666027423722
P15_triggerbot_02,P15,triggerbot,718,35.9,-0.54429532852793,0.3877280980611365,-0.6889483196008316,0.34794487352146486,0.22524596964249724,0.058858163432416316,0.23280899948847728,0.17243266931054424,0.08281957189264647,0.06736230932272522,0.1881906220398838,0.3408919773451739,0,0,0.0,0.3590724248385237,-0.039077244054174315,0.3611925210774536,0,25.90054391384253,3.6468964074197423,0.3002576093528497,23.281064148878286,39.70137967224683,0.14431635698438108,0.37909435878685505,1.9186747845719427,1.2030482879607673,1,0,1,19.8,71.83123978995758
P15_triggerbot_02,P15,triggerbot,719,35.95,-0.5907706233654139,0.3814309113457247,-0.6961409721979122,0.3455293549287337,-0.0464752948374839,-0.006297186715411794,0.04689997431512961,-0.18590902517334768,0.15760023294242215,-0.07478066104977568,0.0,3.020676740605156,0,0,0.0,0.34567115418002997,-0.09216934438159025,0.3577481444758117,0,31.962236664219102,5.069857663039141,0.3314467415909261,27.992243017140204,37.696627042076265,0.24486932600682448,0.5545354225528838,2.3933944942153023,1.2030482879607673,1,0,1,19.8,80.80536762730358
